时间t	称重电压
0.0000	-0.00014235
0.2500	-0.00014224
0.5000	-0.00014222
0.7500	-0.00014219
1.0000	-0.00014224
1.2500	-0.00014212
1.5000	-0.00014217
1.7500	-0.00014231
2.0000	-0.00014216
2.2500	-0.00014219
2.5000	-0.00014221
2.7500	-0.00014217
3.0000	-0.00014227
3.2500	-0.00014226
3.5000	-0.00014223
3.7500	-0.00014219
4.0000	-0.00014214
4.2500	-0.00014216
4.5000	-0.00014219
4.7500	-0.00014218
5.0000	-0.00014216
5.2500	-0.00014226
5.5000	-0.00014226
5.7500	-0.00014217
6.0000	-0.00014220
6.2500	-0.00014220
6.5000	-0.00014215
6.7500	-0.00014215
7.0000	-0.00014221
7.2500	-0.00014221
7.5000	-0.00014226
7.7500	-0.00014214
8.0000	-0.00014213
8.2500	-0.00014221
8.5000	-0.00014217
8.7500	-0.00014207
9.0000	-0.00014222
9.2500	-0.00014225
9.5000	-0.00014223
9.7500	-0.00014222
10.0000	-0.00014211
10.2500	-0.00014221
10.5000	-0.00014214
10.7500	-0.00014222
11.0000	-0.00014211
11.2500	-0.00014226
11.5000	-0.00014228
11.7500	-0.00014213
12.0000	-0.00014217
12.2500	-0.00014216
12.5000	-0.00014219
12.7500	-0.00014213
13.0000	-0.00014217
13.2500	-0.00014218
13.5000	-0.00014217
13.7500	-0.00014218
14.0000	-0.00014218
14.2500	-0.00014217
14.5000	-0.00014219
14.7500	-0.00014210
15.0000	-0.00014219
15.2500	-0.00014228
15.5000	-0.00014218
15.7500	-0.00014217
16.0000	-0.00014223
16.2500	-0.00014219
16.5000	-0.00014226
16.7500	-0.00014218
17.0000	-0.00014212
17.2500	-0.00014210
17.5000	-0.00014229
17.7500	-0.00014219
18.0000	-0.00014208
18.2500	-0.00014216
18.5000	-0.00014226
18.7500	-0.00017437
19.0000	-0.00016238
19.2500	-0.00014977
19.5000	-0.00016208
19.7500	-0.00016224
20.0000	-0.00016214
20.2500	-0.00016208
20.5000	-0.00016213
20.7500	-0.00016219
21.0000	-0.00016209
21.2500	-0.00016207
21.5000	-0.00016209
21.7500	-0.00016216
22.0000	-0.00016212
22.2500	-0.00016221
22.5000	-0.00016218
22.7500	-0.00016217
23.0000	-0.00016210
23.2500	-0.00016212
23.5000	-0.00016214
23.7500	-0.00016216
24.0000	-0.00016213
24.2500	-0.00016220
24.5000	-0.00016201
24.7500	-0.00016213
25.0000	-0.00016209
25.2500	-0.00016216
25.5000	-0.00016218
25.7500	-0.00016215
26.0000	-0.00016214
26.2500	-0.00016212
26.5000	-0.00016215
26.7500	-0.00016215
27.0000	-0.00016212
27.2500	-0.00016214
27.5000	-0.00016218
27.7500	-0.00016220
28.0000	-0.00016204
28.2500	-0.00016212
28.5000	-0.00016221
28.7500	-0.00016216
29.0000	-0.00016211
29.2500	-0.00016214
29.5000	-0.00016211
29.7500	-0.00016212
30.0000	-0.00016215
30.2500	-0.00016208
30.5000	-0.00016207
30.7500	-0.00016212
31.0000	-0.00016205
31.2500	-0.00016217
31.5000	-0.00016211
31.7500	-0.00016212
32.0000	-0.00016209
32.2500	-0.00016204
32.5000	-0.00016212
32.7500	-0.00016212
33.0000	-0.00016213
33.2500	-0.00016211
33.5000	-0.00016213
33.7500	-0.00016214
34.0000	-0.00016195
34.2500	-0.00016214
34.5000	-0.00016204
34.7500	-0.00016220
35.0000	-0.00016211
35.2500	-0.00016215
35.5000	-0.00016224
35.7500	-0.00016212
36.0000	-0.00016206
36.2500	-0.00016204
36.5000	-0.00016227
36.7500	-0.00016202
37.0000	-0.00016204
37.2500	-0.00016212
37.5000	-0.00016218
37.7500	-0.00016209
38.0000	-0.00016211
38.2500	-0.00016217
38.5000	-0.00016212
38.7500	-0.00016217
39.0000	-0.00016202
39.2500	-0.00016210
39.5000	-0.00016216
39.7500	-0.00016216
40.0000	-0.00016208
40.2500	-0.00016204
40.5000	-0.00016213
40.7500	-0.00016211
41.0000	-0.00016210
41.2500	-0.00016214
41.5000	-0.00016210
41.7500	-0.00016212
42.0000	-0.00016204
42.2500	-0.00016205
42.5000	-0.00016207
42.7500	-0.00016203
43.0000	-0.00016212
43.2500	-0.00016207
43.5000	-0.00016212
43.7500	-0.00016214
44.0000	-0.00016220
44.2500	-0.00016211
44.5000	-0.00016215
44.7500	-0.00016212
45.0000	-0.00016217
45.2500	-0.00016216
45.5000	-0.00016211
45.7500	-0.00016208
46.0000	-0.00016211
46.2500	-0.00016209
46.5000	-0.00016211
46.7500	-0.00016212
47.0000	-0.00016211
47.2500	-0.00016215
47.5000	-0.00016210
47.7500	-0.00016212
48.0000	-0.00016215
48.2500	-0.00016564
48.5000	-0.00017321
48.7500	-0.00017896
49.0000	-0.00018202
49.2500	-0.00018204
49.5000	-0.00018211
49.7500	-0.00018208
50.0000	-0.00018202
50.2500	-0.00018213
50.5000	-0.00018206
50.7500	-0.00018207
51.0000	-0.00018207
51.2500	-0.00018207
51.5000	-0.00018208
51.7500	-0.00018200
52.0000	-0.00018203
52.2500	-0.00018203
52.5000	-0.00018210
52.7500	-0.00018208
53.0000	-0.00018209
53.2500	-0.00018216
53.5000	-0.00018229
53.7500	-0.00018210
54.0000	-0.00018207
54.2500	-0.00018200
54.5000	-0.00018200
54.7500	-0.00018214
55.0000	-0.00018200
55.2500	-0.00018204
55.5000	-0.00018199
55.7500	-0.00018192
56.0000	-0.00018216
56.2500	-0.00018194
56.5000	-0.00018202
56.7500	-0.00018211
57.0000	-0.00018206
57.2500	-0.00018204
57.5000	-0.00018207
57.7500	-0.00018200
58.0000	-0.00018216
58.2500	-0.00018204
58.5000	-0.00018213
58.7500	-0.00018203
59.0000	-0.00018217
59.2500	-0.00018203
59.5000	-0.00018208
59.7500	-0.00018205
60.0000	-0.00018191
60.2500	-0.00018205
60.5000	-0.00018205
60.7500	-0.00018203
61.0000	-0.00018203
61.2500	-0.00018211
61.5000	-0.00018201
61.7500	-0.00018200
62.0000	-0.00018201
62.2500	-0.00018207
62.5000	-0.00018208
62.7500	-0.00018195
63.0000	-0.00018214
63.2500	-0.00018204
63.5000	-0.00018209
63.7500	-0.00018205
64.0000	-0.00018208
64.2500	-0.00018205
64.5000	-0.00018213
64.7500	-0.00018209
65.0000	-0.00018214
65.2500	-0.00018210
65.5000	-0.00018204
65.7500	-0.00018205
66.0000	-0.00018208
66.2500	-0.00018206
66.5000	-0.00018212
66.7500	-0.00018203
67.0000	-0.00018207
67.2500	-0.00018212
67.5000	-0.00018208
67.7500	-0.00018207
68.0000	-0.00018195
68.2500	-0.00018212
68.5000	-0.00018200
68.7500	-0.00018201
69.0000	-0.00018205
69.2500	-0.00018203
69.5000	-0.00018208
69.7500	-0.00018205
70.0000	-0.00018205
70.2500	-0.00018211
70.5000	-0.00018199
70.7500	-0.00018200
71.0000	-0.00018209
71.2500	-0.00019332
71.5000	-0.00019189
71.7500	-0.00019214
72.0000	-0.00019211
72.2500	-0.00019199
72.5000	-0.00019191
72.7500	-0.00019212
73.0000	-0.00019201
73.2500	-0.00019203
73.5000	-0.00019198
73.7500	-0.00019205
74.0000	-0.00019212
74.2500	-0.00019207
74.5000	-0.00019202
74.7500	-0.00019207
75.0000	-0.00019204
75.2500	-0.00019202
75.5000	-0.00019233
75.7500	-0.00019208
76.0000	-0.00019208
76.2500	-0.00019201
76.5000	-0.00019210
76.7500	-0.00019195
77.0000	-0.00019197
77.2500	-0.00019196
77.5000	-0.00019205
77.7500	-0.00019206
78.0000	-0.00019205
78.2500	-0.00019203
78.5000	-0.00019203
78.7500	-0.00019207
79.0000	-0.00019205
79.2500	-0.00019207
79.5000	-0.00019205
79.7500	-0.00019209
80.0000	-0.00019195
80.2500	-0.00019211
80.5000	-0.00019204
80.7500	-0.00019200
81.0000	-0.00019196
81.2500	-0.00019209
81.5000	-0.00019206
81.7500	-0.00019193
82.0000	-0.00019211
82.2500	-0.00019205
82.5000	-0.00019205
82.7500	-0.00019200
83.0000	-0.00019202
83.2500	-0.00019196
83.5000	-0.00019198
83.7500	-0.00019197
84.0000	-0.00019210
84.2500	-0.00019208
84.5000	-0.00019201
84.7500	-0.00019198
85.0000	-0.00019208
85.2500	-0.00019199
85.5000	-0.00019199
85.7500	-0.00019196
86.0000	-0.00019202
86.2500	-0.00019201
86.5000	-0.00019199
86.7500	-0.00019205
87.0000	-0.00019208
87.2500	-0.00019203
87.5000	-0.00019199
87.7500	-0.00019206
88.0000	-0.00019200
88.2500	-0.00019203
88.5000	-0.00019206
88.7500	-0.00019199
89.0000	-0.00019199
89.2500	-0.00019192
89.5000	-0.00019199
89.7500	-0.00019208
90.0000	-0.00019189
90.2500	-0.00019199
90.5000	-0.00019195
90.7500	-0.00019204
91.0000	-0.00019199
91.2500	-0.00019199
91.5000	-0.00019205
91.7500	-0.00019202
92.0000	-0.00019198
92.2500	-0.00019198
92.5000	-0.00019195
92.7500	-0.00019202
93.0000	-0.00019205
93.2500	-0.00019211
93.5000	-0.00019202
93.7500	-0.00019199
94.0000	-0.00019202
94.2500	-0.00019195
94.5000	-0.00019203
94.7500	-0.00019199
95.0000	-0.00019201
95.2500	-0.00019208
95.5000	-0.00019211
95.7500	-0.00019203
96.0000	-0.00019206
96.2500	-0.00019209
96.5000	-0.00019208
96.7500	-0.00019208
97.0000	-0.00019205
97.2500	-0.00019208
97.5000	-0.00019203
97.7500	-0.00019202
98.0000	-0.00019207
98.2500	-0.00019202
98.5000	-0.00019208
98.7500	-0.00019198
99.0000	-0.00019198
99.2500	-0.00019202
99.5000	-0.00019203
99.7500	-0.00019202
100.0000	-0.00019204
100.2500	-0.00019205
100.5000	-0.00020026
100.7500	-0.00019700
101.0000	-0.00019705
101.2500	-0.00019697
101.5000	-0.00019698
101.7500	-0.00019704
102.0000	-0.00019706
102.2500	-0.00019711
102.5000	-0.00019701
102.7500	-0.00019695
103.0000	-0.00019709
103.2500	-0.00019707
103.5000	-0.00019703
103.7500	-0.00019698
104.0000	-0.00019709
104.2500	-0.00019697
104.5000	-0.00019700
104.7500	-0.00019697
105.0000	-0.00020282
105.2500	-0.00019902
105.5000	-0.00019899
105.7500	-0.00019893
106.0000	-0.00019906
106.2500	-0.00019905
106.5000	-0.00019902
106.7500	-0.00019902
107.0000	-0.00019898
107.2500	-0.00019904
107.5000	-0.00019899
107.7500	-0.00019897
108.0000	-0.00019897
108.2500	-0.00019894
108.5000	-0.00019898
108.7500	-0.00019896
109.0000	-0.00019904
109.2500	-0.00019895
109.5000	-0.00019935
109.7500	-0.00020187
110.0000	-0.00020259
110.2500	-0.00020104
110.5000	-0.00020112
110.7500	-0.00020098
111.0000	-0.00020096
111.2500	-0.00020237
111.5000	-0.00019903
111.7500	-0.00020565
112.0000	-0.00020463
112.2500	-0.00020447
112.5000	-0.00020109
112.7500	-0.00020098
113.0000	-0.00020108
113.2500	-0.00020099
113.5000	-0.00020097
113.7500	-0.00020105
114.0000	-0.00020101
114.2500	-0.00020098
114.5000	-0.00020102
114.7500	-0.00020098
115.0000	-0.00020107
115.2500	-0.00020096
115.5000	-0.00020098
115.7500	-0.00020104
116.0000	-0.00020092
116.2500	-0.00020093
116.5000	-0.00020100
116.7500	-0.00020989
117.0000	-0.00020203
117.2500	-0.00020199
117.5000	-0.00020202
117.7500	-0.00020203
118.0000	-0.00020209
118.2500	-0.00020198
118.5000	-0.00020211
118.7500	-0.00020209
119.0000	-0.00020209
119.2500	-0.00020191
119.5000	-0.00020201
119.7500	-0.00020206
120.0000	-0.00020198
120.2500	-0.00020200
120.5000	-0.00020203
120.7500	-0.00020198
121.0000	-0.00020196
121.2500	-0.00020193
121.5000	-0.00020205
121.7500	-0.00020190
122.0000	-0.00020197
122.2500	-0.00020204
122.5000	-0.00020193
122.7500	-0.00020197
123.0000	-0.00020199
123.2500	-0.00020198
123.5000	-0.00020196
123.7500	-0.00020202
124.0000	-0.00020216
124.2500	-0.00020205
124.5000	-0.00020190
124.7500	-0.00020197
125.0000	-0.00020195
125.2500	-0.00020194
125.5000	-0.00020190
125.7500	-0.00020199
126.0000	-0.00020198
126.2500	-0.00020199
126.5000	-0.00020205
126.7500	-0.00020197
127.0000	-0.00020199
127.2500	-0.00020195
127.5000	-0.00020196
127.7500	-0.00020199
128.0000	-0.00020198
128.2500	-0.00020206
128.5000	-0.00020203
128.7500	-0.00020193
129.0000	-0.00020202
129.2500	-0.00020207
129.5000	-0.00020202
129.7500	-0.00020203
130.0000	-0.00020197
130.2500	-0.00020191
130.5000	-0.00020204
130.7500	-0.00020201
131.0000	-0.00020393
131.2500	-0.00020197
131.5000	-0.00020200
131.7500	-0.00021176
132.0000	-0.00020199
132.2500	-0.00020101
132.5000	-0.00020000
132.7500	-0.00020004
133.0000	-0.00019989
133.2500	-0.00019995
133.5000	-0.00020003
133.7500	-0.00019999
134.0000	-0.00019993
134.2500	-0.00020006
134.5000	-0.00020003
134.7500	-0.00019993
135.0000	-0.00020003
135.2500	-0.00019996
135.5000	-0.00020002
135.7500	-0.00020000
136.0000	-0.00020006
136.2500	-0.00020004
136.5000	-0.00019994
136.7500	-0.00020096
137.0000	-0.00019814
137.2500	-0.00019807
137.5000	-0.00019801
137.7500	-0.00019803
138.0000	-0.00019806
138.2500	-0.00019806
138.5000	-0.00019793
138.7500	-0.00019794
139.0000	-0.00019802
139.2500	-0.00019800
139.5000	-0.00019801
139.7500	-0.00019800
140.0000	-0.00019804
140.2500	-0.00019796
140.5000	-0.00019798
140.7500	-0.00019798
141.0000	-0.00019800
141.2500	-0.00019798
141.5000	-0.00019801
141.7500	-0.00019800
142.0000	-0.00019804
142.2500	-0.00019796
142.5000	-0.00020730
142.7500	-0.00019695
143.0000	-0.00019702
143.2500	-0.00019699
143.5000	-0.00019703
143.7500	-0.00019705
144.0000	-0.00019696
144.2500	-0.00019703
144.5000	-0.00019696
144.7500	-0.00019704
145.0000	-0.00019703
145.2500	-0.00019701
145.5000	-0.00019705
145.7500	-0.00019700
146.0000	-0.00019706
146.2500	-0.00019706
146.5000	-0.00019695
146.7500	-0.00019702
147.0000	-0.00019693
147.2500	-0.00019700
147.5000	-0.00019700
147.7500	-0.00019704
148.0000	-0.00019705
148.2500	-0.00019700
148.5000	-0.00019702
148.7500	-0.00019696
149.0000	-0.00019709
149.2500	-0.00019696
149.5000	-0.00019693
149.7500	-0.00019698
150.0000	-0.00019696
150.2500	-0.00019699
150.5000	-0.00019703
150.7500	-0.00019692
151.0000	-0.00019702
151.2500	-0.00019693
151.5000	-0.00019702
151.7500	-0.00019702
152.0000	-0.00019701
152.2500	-0.00019692
152.5000	-0.00019704
152.7500	-0.00019702
153.0000	-0.00019694
153.2500	-0.00019704
153.5000	-0.00019697
153.7500	-0.00019700
154.0000	-0.00019694
154.2500	-0.00019700
154.5000	-0.00019697
154.7500	-0.00019692
155.0000	-0.00019702
155.2500	-0.00019691
155.5000	-0.00019709
155.7500	-0.00019699
156.0000	-0.00019704
156.2500	-0.00019707
156.5000	-0.00019702
156.7500	-0.00019707
157.0000	-0.00019703
157.2500	-0.00021343
157.5000	-0.00021196
157.7500	-0.00019200
158.0000	-0.00019204
158.2500	-0.00019201
158.5000	-0.00019198
158.7500	-0.00019204
159.0000	-0.00019207
159.2500	-0.00019202
159.5000	-0.00019192
159.7500	-0.00019197
160.0000	-0.00019196
160.2500	-0.00019204
160.5000	-0.00019208
160.7500	-0.00019203
161.0000	-0.00019207
161.2500	-0.00019205
161.5000	-0.00019199
161.7500	-0.00019194
162.0000	-0.00019206
162.2500	-0.00019217
162.5000	-0.00019198
162.7500	-0.00019190
163.0000	-0.00019198
163.2500	-0.00019204
163.5000	-0.00019201
163.7500	-0.00019207
164.0000	-0.00019194
164.2500	-0.00019196
164.5000	-0.00019200
164.7500	-0.00019204
165.0000	-0.00019199
165.2500	-0.00019201
165.5000	-0.00019208
165.7500	-0.00019193
166.0000	-0.00019201
166.2500	-0.00019201
166.5000	-0.00019203
166.7500	-0.00019194
167.0000	-0.00019201
167.2500	-0.00019204
167.5000	-0.00019709
167.7500	-0.00019727
168.0000	-0.00019274
168.2500	-0.00020038
168.5000	-0.00019337
168.7500	-0.00019593
169.0000	-0.00019486
169.2500	-0.00019646
169.5000	-0.00020226
169.7500	-0.00018503
170.0000	-0.00017206
170.2500	-0.00017213
170.5000	-0.00017211
170.7500	-0.00017210
171.0000	-0.00017209
171.2500	-0.00017210
171.5000	-0.00017204
171.7500	-0.00017203
172.0000	-0.00017210
172.2500	-0.00017205
172.5000	-0.00017203
172.7500	-0.00018114
173.0000	-0.00017263
173.2500	-0.00016602
173.5000	-0.00016215
173.7500	-0.00016208
174.0000	-0.00016209
174.2500	-0.00016209
174.5000	-0.00016209
174.7500	-0.00016214
175.0000	-0.00016211
175.2500	-0.00016208
175.5000	-0.00016217
175.7500	-0.00016203
176.0000	-0.00016207
176.2500	-0.00016214
176.5000	-0.00016209
176.7500	-0.00016212
177.0000	-0.00016210
177.2500	-0.00016204
177.5000	-0.00016210
177.7500	-0.00016208
178.0000	-0.00016206
178.2500	-0.00016209
178.5000	-0.00016204
178.7500	-0.00016210
179.0000	-0.00016210
179.2500	-0.00016207
179.5000	-0.00016212
179.7500	-0.00016212
180.0000	-0.00016206
180.2500	-0.00016211
180.5000	-0.00016205
180.7500	-0.00016209
181.0000	-0.00016213
181.2500	-0.00016211
181.5000	-0.00016221
181.7500	-0.00016217
182.0000	-0.00016214
182.2500	-0.00016209
182.5000	-0.00016215
182.7500	-0.00016208
183.0000	-0.00016209
183.2500	-0.00016208
183.5000	-0.00016209
183.7500	-0.00016214
184.0000	-0.00016217
184.2500	-0.00016206
184.5000	-0.00016214
184.7500	-0.00016213
185.0000	-0.00016204
185.2500	-0.00016214
185.5000	-0.00016210
185.7500	-0.00016204
186.0000	-0.00016217
186.2500	-0.00016209
186.5000	-0.00016208
186.7500	-0.00016212
187.0000	-0.00016215
187.2500	-0.00016209
187.5000	-0.00016205
187.7500	-0.00016205
188.0000	-0.00016215
188.2500	-0.00016209
188.5000	-0.00016209
188.7500	-0.00016210
189.0000	-0.00016214
189.2500	-0.00016203
189.5000	-0.00016214
189.7500	-0.00016201
190.0000	-0.00016222
190.2500	-0.00016214
190.5000	-0.00016209
190.7500	-0.00016206
191.0000	-0.00016210
191.2500	-0.00016211
191.5000	-0.00016200
191.7500	-0.00016208
192.0000	-0.00016211
192.2500	-0.00016215
192.5000	-0.00016214
192.7500	-0.00016209
193.0000	-0.00016208
193.2500	-0.00016203
193.5000	-0.00016206
193.7500	-0.00016214
194.0000	-0.00016215
194.2500	-0.00016207
194.5000	-0.00016213
194.7500	-0.00016215
195.0000	-0.00016209
195.2500	-0.00016212
195.5000	-0.00016212
195.7500	-0.00016217
196.0000	-0.00016214
196.2500	-0.00016210
196.5000	-0.00016215
196.7500	-0.00016223
197.0000	-0.00016215
197.2500	-0.00016201
197.5000	-0.00016202
197.7500	-0.00016204
198.0000	-0.00016207
198.2500	-0.00016203
198.5000	-0.00016211
198.7500	-0.00016218
199.0000	-0.00016213
199.2500	-0.00016210
199.5000	-0.00017795
199.7500	-0.00021957
200.0000	-0.00021198
200.2500	-0.00019878
200.5000	-0.00019629
200.7500	-0.00020425
201.0000	-0.00019490
201.2500	-0.00022470
201.5000	-0.00020711
201.7500	-0.00021817
202.0000	-0.00021146
202.2500	-0.00022123
202.5000	-0.00023572
202.7500	-0.00025494
203.0000	-0.00021191
203.2500	-0.00021186
203.5000	-0.00021197
203.7500	-0.00021198
204.0000	-0.00021194
204.2500	-0.00021192
204.5000	-0.00021186
204.7500	-0.00021224
205.0000	-0.00021187
205.2500	-0.00021202
205.5000	-0.00021197
205.7500	-0.00021191
206.0000	-0.00021194
206.2500	-0.00021194
206.5000	-0.00021190
206.7500	-0.00021204
207.0000	-0.00021181
207.2500	-0.00021205
207.5000	-0.00021202
207.7500	-0.00021199
208.0000	-0.00021198
208.2500	-0.00021202
208.5000	-0.00021191
208.7500	-0.00021202
209.0000	-0.00021194
209.2500	-0.00021197
209.5000	-0.00021202
209.7500	-0.00021204
210.0000	-0.00021202
210.2500	-0.00021201
210.5000	-0.00021197
210.7500	-0.00021195
211.0000	-0.00021200
211.2500	-0.00021193
211.5000	-0.00021198
211.7500	-0.00021214
212.0000	-0.00021201
212.2500	-0.00021189
212.5000	-0.00021190
212.7500	-0.00021193
213.0000	-0.00021201
213.2500	-0.00021189
213.5000	-0.00021191
213.7500	-0.00021183
214.0000	-0.00021192
214.2500	-0.00021195
214.5000	-0.00021188
214.7500	-0.00021189
215.0000	-0.00021189
215.2500	-0.00021195
215.5000	-0.00021194
215.7500	-0.00021188
216.0000	-0.00021196
216.2500	-0.00021205
216.5000	-0.00021194
216.7500	-0.00021202
217.0000	-0.00021192
217.2500	-0.00021191
217.5000	-0.00021204
217.7500	-0.00021191
218.0000	-0.00021197
218.2500	-0.00021207
218.5000	-0.00021193
218.7500	-0.00021197
219.0000	-0.00021194
219.2500	-0.00021199
219.5000	-0.00021197
219.7500	-0.00021192
220.0000	-0.00021199
220.2500	-0.00021199
220.5000	-0.00021194
220.7500	-0.00021202
221.0000	-0.00021192
221.2500	-0.00021201
221.5000	-0.00021193
221.7500	-0.00021190
222.0000	-0.00021190
222.2500	-0.00021192
222.5000	-0.00021198
222.7500	-0.00021964
223.0000	-0.00022247
223.2500	-0.00022193
223.5000	-0.00022197
223.7500	-0.00022198
224.0000	-0.00022195
224.2500	-0.00022187
224.5000	-0.00022193
224.7500	-0.00022193
225.0000	-0.00022195
225.2500	-0.00022202
225.5000	-0.00022190
225.7500	-0.00022193
226.0000	-0.00022191
226.2500	-0.00022193
226.5000	-0.00022189
226.7500	-0.00022197
227.0000	-0.00022195
227.2500	-0.00022194
227.5000	-0.00022183
227.7500	-0.00022181
228.0000	-0.00022194
228.2500	-0.00022198
228.5000	-0.00022191
228.7500	-0.00022189
229.0000	-0.00022190
229.2500	-0.00022195
229.5000	-0.00022198
229.7500	-0.00022195
230.0000	-0.00022205
230.2500	-0.00022186
230.5000	-0.00022190
230.7500	-0.00022193
231.0000	-0.00022191
231.2500	-0.00022185
231.5000	-0.00022195
231.7500	-0.00022191
232.0000	-0.00022207
232.2500	-0.00022195
232.5000	-0.00022184
232.7500	-0.00022198
233.0000	-0.00022197
233.2500	-0.00022190
233.5000	-0.00022191
233.7500	-0.00022193
234.0000	-0.00022190
234.2500	-0.00022195
234.5000	-0.00022190
234.7500	-0.00022188
235.0000	-0.00022188
235.2500	-0.00022196
235.5000	-0.00022211
235.7500	-0.00022193
236.0000	-0.00022193
236.2500	-0.00022195
236.5000	-0.00022183
236.7500	-0.00022191
237.0000	-0.00022204
237.2500	-0.00022199
237.5000	-0.00022197
237.7500	-0.00022199
238.0000	-0.00022189
238.2500	-0.00022184
238.5000	-0.00022190
238.7500	-0.00022187
239.0000	-0.00022190
239.2500	-0.00022193
239.5000	-0.00022196
239.7500	-0.00022190
240.0000	-0.00022413
240.2500	-0.00022113
240.5000	-0.00021635
240.7500	-0.00021205
241.0000	-0.00021195
241.2500	-0.00021196
241.5000	-0.00021192
241.7500	-0.00021192
242.0000	-0.00021196
242.2500	-0.00021204
242.5000	-0.00021198
242.7500	-0.00021197
243.0000	-0.00021200
243.2500	-0.00021201
243.5000	-0.00021205
243.7500	-0.00021204
244.0000	-0.00021188
244.2500	-0.00021192
244.5000	-0.00021188
244.7500	-0.00021197
245.0000	-0.00021191
245.2500	-0.00021189
245.5000	-0.00021198
245.7500	-0.00021198
246.0000	-0.00021193
246.2500	-0.00021207
246.5000	-0.00021204
246.7500	-0.00022717
247.0000	-0.00022342
247.2500	-0.00023036
247.5000	-0.00023193
247.7500	-0.00023182
248.0000	-0.00023188
248.2500	-0.00023188
248.5000	-0.00023186
248.7500	-0.00023187
249.0000	-0.00023184
249.2500	-0.00023179
249.5000	-0.00023105
249.7500	-0.00023240
250.0000	-0.00023191
250.2500	-0.00023190
250.5000	-0.00023190
250.7500	-0.00023201
251.0000	-0.00023189
251.2500	-0.00023180
251.5000	-0.00023188
251.7500	-0.00023171
252.0000	-0.00023183
252.2500	-0.00023184
252.5000	-0.00023199
252.7500	-0.00023198
253.0000	-0.00023196
253.2500	-0.00023195
253.5000	-0.00023184
253.7500	-0.00023190
254.0000	-0.00023197
254.2500	-0.00023189
254.5000	-0.00023177
254.7500	-0.00023194
255.0000	-0.00023172
255.2500	-0.00023187
255.5000	-0.00023181
255.7500	-0.00023194
256.0000	-0.00023187
256.2500	-0.00023196
256.5000	-0.00023187
256.7500	-0.00023192
257.0000	-0.00023188
257.2500	-0.00023183
257.5000	-0.00023188
257.7500	-0.00023195
258.0000	-0.00023189
258.2500	-0.00023192
258.5000	-0.00023180
258.7500	-0.00023188
259.0000	-0.00023190
259.2500	-0.00023186
259.5000	-0.00023190
259.7500	-0.00023185
260.0000	-0.00023184
260.2500	-0.00023182
260.5000	-0.00023197
260.7500	-0.00023187
261.0000	-0.00023184
261.2500	-0.00023189
261.5000	-0.00023200
261.7500	-0.00023197
262.0000	-0.00023177
262.2500	-0.00023203
262.5000	-0.00023192
262.7500	-0.00023187
263.0000	-0.00023194
263.2500	-0.00023196
263.5000	-0.00023200
263.7500	-0.00023187
264.0000	-0.00023185
264.2500	-0.00023192
264.5000	-0.00023179
264.7500	-0.00023196
265.0000	-0.00023193
265.2500	-0.00023190
265.5000	-0.00023190
265.7500	-0.00023190
266.0000	-0.00023188
266.2500	-0.00023195
266.5000	-0.00023184
266.7500	-0.00023183
267.0000	-0.00023188
267.2500	-0.00023182
267.5000	-0.00023197
267.7500	-0.00023181
268.0000	-0.00023189
268.2500	-0.00023191
268.5000	-0.00023189
268.7500	-0.00023195
269.0000	-0.00023186
269.2500	-0.00023194
269.5000	-0.00023186
269.7500	-0.00023187
270.0000	-0.00023190
270.2500	-0.00023182
270.5000	-0.00023184
270.7500	-0.00023181
271.0000	-0.00023176
271.2500	-0.00023191
271.5000	-0.00023188
271.7500	-0.00023197
272.0000	-0.00023196
272.2500	-0.00023187
272.5000	-0.00023184
272.7500	-0.00023177
273.0000	-0.00023186
273.2500	-0.00023196
273.5000	-0.00023205
273.7500	-0.00023195
274.0000	-0.00023190
274.2500	-0.00023188
274.5000	-0.00023191
274.7500	-0.00023199
275.0000	-0.00023184
275.2500	-0.00023187
275.5000	-0.00023190
275.7500	-0.00023195
276.0000	-0.00023190
276.2500	-0.00023184
276.5000	-0.00023196
276.7500	-0.00023188
277.0000	-0.00023198
277.2500	-0.00023187
277.5000	-0.00023184
277.7500	-0.00023182
278.0000	-0.00023192
278.2500	-0.00023183
278.5000	-0.00023185
278.7500	-0.00023193
279.0000	-0.00023193
279.2500	-0.00023190
279.5000	-0.00023193
279.7500	-0.00023189
280.0000	-0.00023199
280.2500	-0.00023184
280.5000	-0.00023183
280.7500	-0.00023190
281.0000	-0.00023193
281.2500	-0.00023186
281.5000	-0.00023189
281.7500	-0.00023187
282.0000	-0.00023187
282.2500	-0.00023180
282.5000	-0.00023194
282.7500	-0.00023191
283.0000	-0.00023182
283.2500	-0.00023193
283.5000	-0.00023188
283.7500	-0.00023192
284.0000	-0.00023191
284.2500	-0.00023190
284.5000	-0.00023182
284.7500	-0.00023187
285.0000	-0.00023188
285.2500	-0.00023187
285.5000	-0.00023182
285.7500	-0.00023180
286.0000	-0.00023185
286.2500	-0.00023182
286.5000	-0.00023193
286.7500	-0.00023184
287.0000	-0.00023182
287.2500	-0.00023184
287.5000	-0.00023183
287.7500	-0.00023140
288.0000	-0.00024131
288.2500	-0.00021643
288.5000	-0.00021199
288.7500	-0.00021184
289.0000	-0.00021197
289.2500	-0.00021194
289.5000	-0.00021188
289.7500	-0.00021198
290.0000	-0.00021195
290.2500	-0.00021198
290.5000	-0.00021199
290.7500	-0.00021197
291.0000	-0.00021189
291.2500	-0.00021196
291.5000	-0.00021201
291.7500	-0.00021190
292.0000	-0.00021191
292.2500	-0.00021192
292.5000	-0.00021196
292.7500	-0.00021204
293.0000	-0.00021195
293.2500	-0.00021182
293.5000	-0.00021194
293.7500	-0.00021200
294.0000	-0.00021201
294.2500	-0.00021192
294.5000	-0.00021197
294.7500	-0.00021194
295.0000	-0.00021197
295.2500	-0.00021200
295.5000	-0.00021189
295.7500	-0.00021194
296.0000	-0.00021186
296.2500	-0.00021200
296.5000	-0.00021196
296.7500	-0.00021185
297.0000	-0.00021188
297.2500	-0.00021192
297.5000	-0.00021189
297.7500	-0.00021192
298.0000	-0.00021493
298.2500	-0.00021461
298.5000	-0.00021563
298.7500	-0.00021816
299.0000	-0.00019592
299.2500	-0.00019205
299.5000	-0.00019209
299.7500	-0.00019201
300.0000	-0.00019194
300.2500	-0.00019204
300.5000	-0.00019202
300.7500	-0.00019202
301.0000	-0.00019198
301.2500	-0.00019198
301.5000	-0.00019198
301.7500	-0.00019207
302.0000	-0.00019298
302.2500	-0.00018832
302.5000	-0.00019173
302.7500	-0.00019088
303.0000	-0.00018952
303.2500	-0.00018775
303.5000	-0.00019211
303.7500	-0.00019197
304.0000	-0.00020624
304.2500	-0.00019525
304.5000	-0.00019196
304.7500	-0.00019206
305.0000	-0.00019198
305.2500	-0.00019200
305.5000	-0.00019200
305.7500	-0.00019220
306.0000	-0.00021274
306.2500	-0.00020706
306.5000	-0.00019253
306.7500	-0.00019744
307.0000	-0.00019127
307.2500	-0.00019203
307.5000	-0.00019205
307.7500	-0.00019193
308.0000	-0.00020348
308.2500	-0.00018233
308.5000	-0.00017788
308.7500	-0.00014215
309.0000	-0.00014206
309.2500	-0.00014215
309.5000	-0.00014213
309.7500	-0.00014215
310.0000	-0.00014211
310.2500	-0.00014210
310.5000	-0.00014210
310.7500	-0.00014209
311.0000	-0.00014208
311.2500	-0.00014214
311.5000	-0.00014210
311.7500	-0.00014217
312.0000	-0.00014209
312.2500	-0.00014215
312.5000	-0.00014216
312.7500	-0.00014208
313.0000	-0.00014214
313.2500	-0.00014209
313.5000	-0.00014214
313.7500	-0.00014209
314.0000	-0.00014216
314.2500	-0.00014223
314.5000	-0.00014219
314.7500	-0.00014209
315.0000	-0.00014215
315.2500	-0.00014209
315.5000	-0.00014207
315.7500	-0.00023616
316.0000	-0.00023979
316.2500	-0.00026061
316.5000	-0.00028111
316.7500	-0.00030368
317.0000	-0.00024185
317.2500	-0.00024191
317.5000	-0.00024196
317.7500	-0.00024186
318.0000	-0.00024189
318.2500	-0.00024181
318.5000	-0.00024185
318.7500	-0.00024189
319.0000	-0.00024180
319.2500	-0.00024182
319.5000	-0.00024185
319.7500	-0.00024183
320.0000	-0.00024182
320.2500	-0.00024186
320.5000	-0.00024190
320.7500	-0.00024188
321.0000	-0.00024179
321.2500	-0.00024187
321.5000	-0.00024187
321.7500	-0.00024181
322.0000	-0.00024199
322.2500	-0.00024185
322.5000	-0.00024179
322.7500	-0.00024181
323.0000	-0.00024182
323.2500	-0.00024185
323.5000	-0.00024188
323.7500	-0.00024182
324.0000	-0.00024740
324.2500	-0.00025321
324.5000	-0.00025302
324.7500	-0.00025479
325.0000	-0.00025106
325.2500	-0.00025189
325.5000	-0.00025183
325.7500	-0.00025171
326.0000	-0.00025193
326.2500	-0.00025187
326.5000	-0.00025292
326.7500	-0.00025131
327.0000	-0.00025215
327.2500	-0.00025176
327.5000	-0.00025193
327.7500	-0.00025180
328.0000	-0.00025182
328.2500	-0.00025169
328.5000	-0.00025185
328.7500	-0.00025184
329.0000	-0.00025174
329.2500	-0.00025181
329.5000	-0.00025184
329.7500	-0.00025181
330.0000	-0.00025178
330.2500	-0.00025185
330.5000	-0.00025178
330.7500	-0.00025186
331.0000	-0.00025181
331.2500	-0.00025179
331.5000	-0.00025185
331.7500	-0.00025175
332.0000	-0.00025185
332.2500	-0.00025186
332.5000	-0.00025188
332.7500	-0.00025183
333.0000	-0.00025185
333.2500	-0.00025190
333.5000	-0.00025173
333.7500	-0.00025191
334.0000	-0.00025192
334.2500	-0.00025186
334.5000	-0.00025191
334.7500	-0.00025181
335.0000	-0.00025170
335.2500	-0.00025183
335.5000	-0.00025180
335.7500	-0.00025184
336.0000	-0.00025187
336.2500	-0.00025186
336.5000	-0.00025184
336.7500	-0.00025178
337.0000	-0.00025183
337.2500	-0.00025172
337.5000	-0.00025200
337.7500	-0.00025181
338.0000	-0.00025186
338.2500	-0.00025182
338.5000	-0.00025186
338.7500	-0.00025178
339.0000	-0.00025173
339.2500	-0.00025189
339.5000	-0.00025175
339.7500	-0.00025177
340.0000	-0.00025182
340.2500	-0.00025186
340.5000	-0.00025170
340.7500	-0.00025178
341.0000	-0.00025177
341.2500	-0.00025176
341.5000	-0.00025177
341.7500	-0.00025187
342.0000	-0.00025175
342.2500	-0.00025193
342.5000	-0.00025181
342.7500	-0.00025190
343.0000	-0.00025188
343.2500	-0.00025182
343.5000	-0.00025180
343.7500	-0.00025181
344.0000	-0.00025183
344.2500	-0.00025181
344.5000	-0.00025181
344.7500	-0.00025189
345.0000	-0.00025187
345.2500	-0.00025178
345.5000	-0.00025180
345.7500	-0.00025167
346.0000	-0.00025189
346.2500	-0.00025193
346.5000	-0.00025177
346.7500	-0.00025182
347.0000	-0.00025187
347.2500	-0.00025187
347.5000	-0.00025180
347.7500	-0.00025188
348.0000	-0.00025183
348.2500	-0.00025190
348.5000	-0.00025186
348.7500	-0.00025175
349.0000	-0.00025187
349.2500	-0.00025176
349.5000	-0.00025175
349.7500	-0.00025190
350.0000	-0.00025176
350.2500	-0.00025179
350.5000	-0.00025189
350.7500	-0.00025180
351.0000	-0.00025186
351.2500	-0.00025191
351.5000	-0.00025181
351.7500	-0.00025168
352.0000	-0.00025178
352.2500	-0.00025176
352.5000	-0.00025185
352.7500	-0.00025177
353.0000	-0.00025174
353.2500	-0.00025185
353.5000	-0.00025178
353.7500	-0.00025193
354.0000	-0.00025188
354.2500	-0.00025184
354.5000	-0.00025180
354.7500	-0.00025180
355.0000	-0.00025190
355.2500	-0.00025182
355.5000	-0.00025177
355.7500	-0.00025183
356.0000	-0.00025183
356.2500	-0.00025179
356.5000	-0.00025180
356.7500	-0.00025177
357.0000	-0.00025182
357.2500	-0.00025187
357.5000	-0.00025191
357.7500	-0.00025185
358.0000	-0.00025187
358.2500	-0.00025172
358.5000	-0.00025177
358.7500	-0.00025178
359.0000	-0.00025185
359.2500	-0.00025181
359.5000	-0.00025182
359.7500	-0.00025176
360.0000	-0.00025195
360.2500	-0.00025178
360.5000	-0.00025179
360.7500	-0.00025186
361.0000	-0.00025189
361.2500	-0.00025176
361.5000	-0.00025174
361.7500	-0.00025186
362.0000	-0.00025187
362.2500	-0.00025181
362.5000	-0.00025181
362.7500	-0.00025187
363.0000	-0.00025189
363.2500	-0.00025177
363.5000	-0.00025185
363.7500	-0.00025182
364.0000	-0.00025174
364.2500	-0.00025183
364.5000	-0.00025175
364.7500	-0.00025183
365.0000	-0.00025187
365.2500	-0.00025183
365.5000	-0.00025178
365.7500	-0.00025176
366.0000	-0.00025183
366.2500	-0.00025178
366.5000	-0.00025181
366.7500	-0.00025184
367.0000	-0.00025189
367.2500	-0.00025183
367.5000	-0.00025173
367.7500	-0.00025180
368.0000	-0.00025175
368.2500	-0.00025178
368.5000	-0.00025176
368.7500	-0.00025182
369.0000	-0.00025180
369.2500	-0.00025196
369.5000	-0.00025186
369.7500	-0.00025187
370.0000	-0.00025192
370.2500	-0.00025193
370.5000	-0.00025186
370.7500	-0.00025186
371.0000	-0.00025178
371.2500	-0.00025181
371.5000	-0.00025183
371.7500	-0.00025188
372.0000	-0.00025181
372.2500	-0.00025189
372.5000	-0.00025195
372.7500	-0.00025178
373.0000	-0.00025189
373.2500	-0.00025172
373.5000	-0.00025187
373.7500	-0.00025187
374.0000	-0.00025183
374.2500	-0.00025180
374.5000	-0.00025183
374.7500	-0.00025184
375.0000	-0.00026762
375.2500	-0.00027201
375.5000	-0.00027460
375.7500	-0.00027098
376.0000	-0.00026982
376.2500	-0.00027176
376.5000	-0.00027173
376.7500	-0.00027172
377.0000	-0.00027175
377.2500	-0.00027177
377.5000	-0.00027171
377.7500	-0.00027175
378.0000	-0.00027188
378.2500	-0.00027177
378.5000	-0.00027175
378.7500	-0.00027192
379.0000	-0.00027167
379.2500	-0.00027173
379.5000	-0.00027183
379.7500	-0.00027177
380.0000	-0.00027178
380.2500	-0.00027180
380.5000	-0.00027183
380.7500	-0.00027187
381.0000	-0.00027188
381.2500	-0.00027171
381.5000	-0.00027181
381.7500	-0.00027170
382.0000	-0.00027176
382.2500	-0.00027175
382.5000	-0.00027182
382.7500	-0.00027178
383.0000	-0.00027180
383.2500	-0.00027173
383.5000	-0.00027183
383.7500	-0.00027172
384.0000	-0.00027183
384.2500	-0.00027171
384.5000	-0.00027176
384.7500	-0.00027173
385.0000	-0.00027183
385.2500	-0.00027182
385.5000	-0.00027180
385.7500	-0.00027177
386.0000	-0.00027173
386.2500	-0.00027179
386.5000	-0.00027168
386.7500	-0.00027179
387.0000	-0.00027182
387.2500	-0.00027179
387.5000	-0.00027185
387.7500	-0.00027176
388.0000	-0.00027175
388.2500	-0.00028443
388.5000	-0.00029417
388.7500	-0.00029176
389.0000	-0.00029172
389.2500	-0.00029162
389.5000	-0.00029173
389.7500	-0.00029172
390.0000	-0.00029168
390.2500	-0.00029172
390.5000	-0.00029169
390.7500	-0.00029172
391.0000	-0.00029185
391.2500	-0.00029168
391.5000	-0.00029175
391.7500	-0.00029168
392.0000	-0.00029179
392.2500	-0.00029172
392.5000	-0.00029176
392.7500	-0.00029174
393.0000	-0.00029173
393.2500	-0.00029168
393.5000	-0.00030614
393.7500	-0.00033965
394.0000	-0.00033471
394.2500	-0.00032600
394.5000	-0.00032456
394.7500	-0.00031095
395.0000	-0.00032817
395.2500	-0.00034437
395.5000	-0.00033187
395.7500	-0.00034191
396.0000	-0.00034159
396.2500	-0.00034124
396.5000	-0.00034177
396.7500	-0.00034141
397.0000	-0.00034155
397.2500	-0.00034171
397.5000	-0.00034145
397.7500	-0.00034162
398.0000	-0.00034153
398.2500	-0.00034150
398.5000	-0.00034163
398.7500	-0.00034150
399.0000	-0.00034300
399.2500	-0.00034194
399.5000	-0.00034149
399.7500	-0.00034187
400.0000	-0.00034143
400.2500	-0.00034181
400.5000	-0.00034144
400.7500	-0.00034162
401.0000	-0.00034164
401.2500	-0.00034158
401.5000	-0.00034161
401.7500	-0.00034148
402.0000	-0.00034164
402.2500	-0.00034154
402.5000	-0.00034161
402.7500	-0.00034150
403.0000	-0.00034155
403.2500	-0.00034156
403.5000	-0.00034144
403.7500	-0.00034165
404.0000	-0.00034146
404.2500	-0.00034174
404.5000	-0.00034126
404.7500	-0.00034158
405.0000	-0.00034145
405.2500	-0.00034161
405.5000	-0.00034165
405.7500	-0.00034157
406.0000	-0.00034140
406.2500	-0.00034157
406.5000	-0.00034174
406.7500	-0.00034158
407.0000	-0.00034154
407.2500	-0.00034157
407.5000	-0.00034154
407.7500	-0.00034155
408.0000	-0.00034165
408.2500	-0.00034157
408.5000	-0.00034159
408.7500	-0.00034158
409.0000	-0.00034154
409.2500	-0.00034150
409.5000	-0.00034158
409.7500	-0.00034152
410.0000	-0.00034150
410.2500	-0.00034158
410.5000	-0.00034164
410.7500	-0.00034157
411.0000	-0.00034153
411.2500	-0.00034165
411.5000	-0.00034147
411.7500	-0.00034154
412.0000	-0.00034156
412.2500	-0.00034149
412.5000	-0.00034169
412.7500	-0.00034178
413.0000	-0.00034136
413.2500	-0.00034158
413.5000	-0.00034161
413.7500	-0.00034157
414.0000	-0.00034159
414.2500	-0.00034149
414.5000	-0.00034151
414.7500	-0.00034156
415.0000	-0.00034167
415.2500	-0.00034163
415.5000	-0.00034146
415.7500	-0.00034159
416.0000	-0.00034157
416.2500	-0.00034150
416.5000	-0.00034161
416.7500	-0.00034165
417.0000	-0.00034154
417.2500	-0.00034148
417.5000	-0.00034154
417.7500	-0.00034164
418.0000	-0.00034150
418.2500	-0.00034160
418.5000	-0.00034156
418.7500	-0.00034167
419.0000	-0.00034163
419.2500	-0.00034150
419.5000	-0.00034165
419.7500	-0.00034151
420.0000	-0.00034161
420.2500	-0.00034149
420.5000	-0.00034163
420.7500	-0.00034149
421.0000	-0.00034160
421.2500	-0.00034159
421.5000	-0.00034149
421.7500	-0.00034156
422.0000	-0.00034162
422.2500	-0.00034151
422.5000	-0.00034161
422.7500	-0.00034156
423.0000	-0.00034155
423.2500	-0.00034152
423.5000	-0.00034151
423.7500	-0.00034149
424.0000	-0.00034160
424.2500	-0.00034157
424.5000	-0.00034161
424.7500	-0.00034162
425.0000	-0.00034160
425.2500	-0.00034160
425.5000	-0.00034147
425.7500	-0.00034161
426.0000	-0.00034155
426.2500	-0.00034164
426.5000	-0.00034150
426.7500	-0.00034156
427.0000	-0.00034169
427.2500	-0.00034161
427.5000	-0.00034165
427.7500	-0.00034155
428.0000	-0.00034167
428.2500	-0.00034148
428.5000	-0.00034157
428.7500	-0.00034152
429.0000	-0.00034153
429.2500	-0.00034159
429.5000	-0.00034159
429.7500	-0.00034152
430.0000	-0.00034159
430.2500	-0.00034150
430.5000	-0.00034161
430.7500	-0.00034152
431.0000	-0.00034155
431.2500	-0.00034167
431.5000	-0.00034153
431.7500	-0.00034175
432.0000	-0.00034163
432.2500	-0.00034155
432.5000	-0.00034149
432.7500	-0.00034145
433.0000	-0.00034158
433.2500	-0.00034159
433.5000	-0.00034155
433.7500	-0.00034144
434.0000	-0.00034159
434.2500	-0.00034155
434.5000	-0.00034165
434.7500	-0.00034163
435.0000	-0.00034153
435.2500	-0.00034154
435.5000	-0.00034156
435.7500	-0.00034161
436.0000	-0.00034161
436.2500	-0.00034154
436.5000	-0.00034157
436.7500	-0.00034150
437.0000	-0.00034154
437.2500	-0.00034165
437.5000	-0.00034172
437.7500	-0.00034152
438.0000	-0.00034152
438.2500	-0.00034164
438.5000	-0.00034161
438.7500	-0.00034157
439.0000	-0.00034159
439.2500	-0.00034169
439.5000	-0.00034150
439.7500	-0.00034162
440.0000	-0.00034152
440.2500	-0.00034147
440.5000	-0.00034155
440.7500	-0.00034161
441.0000	-0.00034156
441.2500	-0.00034153
441.5000	-0.00034162
441.7500	-0.00034159
442.0000	-0.00034158
442.2500	-0.00034156
442.5000	-0.00034159
442.7500	-0.00034152
443.0000	-0.00034158
443.2500	-0.00034169
443.5000	-0.00034156
443.7500	-0.00034152
444.0000	-0.00034167
444.2500	-0.00034153
444.5000	-0.00034154
444.7500	-0.00034155
445.0000	-0.00034162
445.2500	-0.00034167
445.5000	-0.00034158
445.7500	-0.00034155
446.0000	-0.00034150
446.2500	-0.00034161
446.5000	-0.00034162
446.7500	-0.00034164
447.0000	-0.00034156
447.2500	-0.00034162
447.5000	-0.00034153
447.7500	-0.00034164
448.0000	-0.00034153
448.2500	-0.00034148
448.5000	-0.00034160
448.7500	-0.00034159
449.0000	-0.00034153
449.2500	-0.00034157
449.5000	-0.00034158
449.7500	-0.00034149
450.0000	-0.00034145
450.2500	-0.00034153
450.5000	-0.00034150
450.7500	-0.00034146
451.0000	-0.00034153
451.2500	-0.00034168
451.5000	-0.00034156
451.7500	-0.00034152
452.0000	-0.00034162
452.2500	-0.00034164
452.5000	-0.00034152
452.7500	-0.00034165
453.0000	-0.00034148
453.2500	-0.00034155
453.5000	-0.00034151
453.7500	-0.00034156
454.0000	-0.00034160
454.2500	-0.00034153
454.5000	-0.00034159
454.7500	-0.00034153
455.0000	-0.00034159
455.2500	-0.00034158
455.5000	-0.00034153
455.7500	-0.00034147
456.0000	-0.00034160
456.2500	-0.00034151
456.5000	-0.00034146
456.7500	-0.00034165
457.0000	-0.00034155
457.2500	-0.00034149
457.5000	-0.00034154
457.7500	-0.00034159
458.0000	-0.00034156
458.2500	-0.00034154
458.5000	-0.00034167
458.7500	-0.00034143
459.0000	-0.00034148
459.2500	-0.00034159
459.5000	-0.00034153
459.7500	-0.00034156
460.0000	-0.00034157
460.2500	-0.00034150
460.5000	-0.00034162
460.7500	-0.00034360
461.0000	-0.00034125
461.2500	-0.00034163
461.5000	-0.00034168
461.7500	-0.00034138
462.0000	-0.00034167
462.2500	-0.00034154
462.5000	-0.00034155
462.7500	-0.00034162
463.0000	-0.00034140
463.2500	-0.00034149
463.5000	-0.00034155
463.7500	-0.00034155
464.0000	-0.00034151
464.2500	-0.00034158
464.5000	-0.00034155
464.7500	-0.00034150
465.0000	-0.00034159
465.2500	-0.00034161
465.5000	-0.00034150
465.7500	-0.00034161
466.0000	-0.00034153
466.2500	-0.00034159
466.5000	-0.00034160
466.7500	-0.00034156
467.0000	-0.00034163
467.2500	-0.00034138
467.5000	-0.00034159
467.7500	-0.00034151
468.0000	-0.00034161
468.2500	-0.00034152
468.5000	-0.00034160
468.7500	-0.00034160
469.0000	-0.00034157
469.2500	-0.00034159
469.5000	-0.00034162
469.7500	-0.00034153
470.0000	-0.00034157
470.2500	-0.00034167
470.5000	-0.00034159
470.7500	-0.00034157
471.0000	-0.00034154
471.2500	-0.00034155
471.5000	-0.00034161
471.7500	-0.00034152
472.0000	-0.00034153
472.2500	-0.00034156
472.5000	-0.00034158
472.7500	-0.00034164
473.0000	-0.00034177
473.2500	-0.00034140
473.5000	-0.00034168
473.7500	-0.00034163
474.0000	-0.00034161
474.2500	-0.00034155
474.5000	-0.00034168
474.7500	-0.00034171
475.0000	-0.00034160
475.2500	-0.00034150
475.5000	-0.00034148
475.7500	-0.00034171
476.0000	-0.00034158
476.2500	-0.00034158
476.5000	-0.00034153
476.7500	-0.00034151
477.0000	-0.00034152
477.2500	-0.00034160
477.5000	-0.00034158
477.7500	-0.00034153
478.0000	-0.00034154
478.2500	-0.00034161
478.5000	-0.00034173
478.7500	-0.00034142
479.0000	-0.00034150
479.2500	-0.00034158
479.5000	-0.00034154
479.7500	-0.00034157
480.0000	-0.00034150
480.2500	-0.00034162
480.5000	-0.00034158
480.7500	-0.00034166
481.0000	-0.00034168
481.2500	-0.00034149
481.5000	-0.00034157
481.7500	-0.00034155
482.0000	-0.00034152
482.2500	-0.00034161
482.5000	-0.00034151
482.7500	-0.00034158
483.0000	-0.00034161
483.2500	-0.00034156
483.5000	-0.00034152
483.7500	-0.00034157
484.0000	-0.00034158
484.2500	-0.00034156
484.5000	-0.00034149
484.7500	-0.00034159
485.0000	-0.00034174
485.2500	-0.00034147
485.5000	-0.00034152
485.7500	-0.00034156
486.0000	-0.00034161
486.2500	-0.00034149
486.5000	-0.00034160
486.7500	-0.00034167
487.0000	-0.00034158
487.2500	-0.00034159
487.5000	-0.00034155
487.7500	-0.00034161
488.0000	-0.00034160
488.2500	-0.00034161
488.5000	-0.00034151
488.7500	-0.00034159
489.0000	-0.00034161
489.2500	-0.00034155
489.5000	-0.00034156
489.7500	-0.00034158
490.0000	-0.00034154
490.2500	-0.00034166
490.5000	-0.00034157
490.7500	-0.00034161
491.0000	-0.00034152
491.2500	-0.00034160
491.5000	-0.00034157
491.7500	-0.00034161
492.0000	-0.00034149
492.2500	-0.00034162
492.5000	-0.00034202
492.7500	-0.00034155
493.0000	-0.00034165
493.2500	-0.00034160
493.5000	-0.00034156
493.7500	-0.00034162
494.0000	-0.00034157
494.2500	-0.00034152
494.5000	-0.00034162
494.7500	-0.00034159
495.0000	-0.00034152
495.2500	-0.00034028
495.5000	-0.00034145
495.7500	-0.00034174
496.0000	-0.00034149
496.2500	-0.00034175
496.5000	-0.00034159
496.7500	-0.00034150
497.0000	-0.00034156
497.2500	-0.00034145
497.5000	-0.00034161
497.7500	-0.00034155
498.0000	-0.00034169
498.2500	-0.00034158
498.5000	-0.00034149
498.7500	-0.00034158
499.0000	-0.00034152
499.2500	-0.00034168
499.5000	-0.00034153
499.7500	-0.00034151
500.0000	-0.00034157
500.2500	-0.00034157
500.5000	-0.00034155
500.7500	-0.00034153
501.0000	-0.00034152
501.2500	-0.00034155
501.5000	-0.00034157
501.7500	-0.00034150
502.0000	-0.00034160
502.2500	-0.00034155
502.5000	-0.00034155
502.7500	-0.00034158
503.0000	-0.00034159
503.2500	-0.00034149
503.5000	-0.00034160
503.7500	-0.00034150
504.0000	-0.00034159
504.2500	-0.00034156
504.5000	-0.00034159
504.7500	-0.00034154
505.0000	-0.00034164
505.2500	-0.00034154
505.5000	-0.00034154
505.7500	-0.00034158
506.0000	-0.00034162
506.2500	-0.00034163
506.5000	-0.00034149
506.7500	-0.00034164
507.0000	-0.00034153
507.2500	-0.00034163
507.5000	-0.00034155
507.7500	-0.00034161
508.0000	-0.00034158
508.2500	-0.00034163
508.5000	-0.00034154
508.7500	-0.00034151
509.0000	-0.00034161
509.2500	-0.00034157
509.5000	-0.00034155
509.7500	-0.00034169
510.0000	-0.00034165
510.2500	-0.00034154
510.5000	-0.00034159
510.7500	-0.00034168
511.0000	-0.00034156
511.2500	-0.00034151
511.5000	-0.00034155
511.7500	-0.00034153
512.0000	-0.00034154
512.2500	-0.00034155
512.5000	-0.00034155
512.7500	-0.00034162
513.0000	-0.00034161
513.2500	-0.00034159
513.5000	-0.00034147
513.7500	-0.00034167
514.0000	-0.00034148
514.2500	-0.00034156
514.5000	-0.00034151
514.7500	-0.00034156
515.0000	-0.00034156
515.2500	-0.00034164
515.5000	-0.00034167
515.7500	-0.00034161
516.0000	-0.00034155
516.2500	-0.00034153
516.5000	-0.00034158
516.7500	-0.00034155
517.0000	-0.00034146
517.2500	-0.00034161
517.5000	-0.00034148
517.7500	-0.00034140
518.0000	-0.00034161
518.2500	-0.00034157
518.5000	-0.00034152
518.7500	-0.00034151
519.0000	-0.00034153
519.2500	-0.00034164
519.5000	-0.00034153
519.7500	-0.00034164
520.0000	-0.00034153
520.2500	-0.00034159
520.5000	-0.00034165
520.7500	-0.00034155
521.0000	-0.00034149
521.2500	-0.00034152
521.5000	-0.00034153
521.7500	-0.00034158
522.0000	-0.00034149
522.2500	-0.00034166
522.5000	-0.00034156
522.7500	-0.00034159
523.0000	-0.00034168
523.2500	-0.00034152
523.5000	-0.00034158
523.7500	-0.00034147
524.0000	-0.00034171
524.2500	-0.00034150
524.5000	-0.00034136
524.7500	-0.00034143
525.0000	-0.00034163
525.2500	-0.00034124
525.5000	-0.00034148
525.7500	-0.00034162
526.0000	-0.00034141
526.2500	-0.00034152
526.5000	-0.00034139
526.7500	-0.00034161
527.0000	-0.00034152
527.2500	-0.00034162
527.5000	-0.00034168
527.7500	-0.00034164
528.0000	-0.00034150
528.2500	-0.00034165
528.5000	-0.00034154
528.7500	-0.00034157
529.0000	-0.00034153
529.2500	-0.00034147
529.5000	-0.00034167
529.7500	-0.00034158
530.0000	-0.00034159
530.2500	-0.00034140
530.5000	-0.00034155
530.7500	-0.00034165
531.0000	-0.00034162
531.2500	-0.00034143
531.5000	-0.00034147
531.7500	-0.00034159
532.0000	-0.00034152
532.2500	-0.00034157
532.5000	-0.00034152
532.7500	-0.00034161
533.0000	-0.00034165
533.2500	-0.00034162
533.5000	-0.00034161
533.7500	-0.00034162
534.0000	-0.00034155
534.2500	-0.00034151
534.5000	-0.00034164
534.7500	-0.00034155
535.0000	-0.00034144
535.2500	-0.00034157
535.5000	-0.00034155
535.7500	-0.00034153
536.0000	-0.00034155
536.2500	-0.00034158
536.5000	-0.00034162
536.7500	-0.00034154
537.0000	-0.00034160
537.2500	-0.00034156
537.5000	-0.00034165
537.7500	-0.00034159
538.0000	-0.00034156
538.2500	-0.00034161
538.5000	-0.00034156
538.7500	-0.00034150
539.0000	-0.00034152
539.2500	-0.00034152
539.5000	-0.00034162
539.7500	-0.00034160
540.0000	-0.00034145
540.2500	-0.00034169
540.5000	-0.00034158
540.7500	-0.00034146
541.0000	-0.00034157
541.2500	-0.00034161
541.5000	-0.00034160
541.7500	-0.00034166
542.0000	-0.00034150
542.2500	-0.00034158
542.5000	-0.00034161
542.7500	-0.00034157
543.0000	-0.00034152
543.2500	-0.00034155
543.5000	-0.00034162
543.7500	-0.00034164
544.0000	-0.00034164
544.2500	-0.00034154
544.5000	-0.00034157
544.7500	-0.00034142
545.0000	-0.00034152
545.2500	-0.00034162
545.5000	-0.00034154
545.7500	-0.00034147
546.0000	-0.00034148
546.2500	-0.00034152
546.5000	-0.00034169
546.7500	-0.00034159
547.0000	-0.00034155
547.2500	-0.00034153
547.5000	-0.00034158
547.7500	-0.00034158
548.0000	-0.00034157
548.2500	-0.00034160
548.5000	-0.00034150
548.7500	-0.00034158
549.0000	-0.00034153
549.2500	-0.00034155
549.5000	-0.00034156
549.7500	-0.00034157
550.0000	-0.00034161
550.2500	-0.00034157
550.5000	-0.00034146
550.7500	-0.00034160
551.0000	-0.00034140
551.2500	-0.00034161
551.5000	-0.00034171
551.7500	-0.00034164
552.0000	-0.00034150
552.2500	-0.00034151
