时间t	加热电压	取样电压	称重电压
0.0000	-0.00004292	-0.00006258	0.00038091
0.2500	-0.00025034	0.00001788	0.00038084
0.5000	0.00011444	-0.00005186	0.00038099
0.7500	-0.00001431	0.00001431	0.00038089
1.0000	0.00002146	-0.00006080	0.00038096
1.2500	0.00010729	0.00001073	0.00038083
1.5000	0.00012875	0.00006258	0.00038107
1.7500	-0.00015020	-0.00000715	0.00038094
2.0000	0.00001431	0.00008583	0.00038102
2.2500	-0.00014305	-0.00000179	0.00038099
2.5000	-0.00022173	-0.00011444	0.00038094
2.7500	-0.00016451	0.00000179	0.00038096
3.0000	-0.00002146	0.00004113	0.00038087
3.2500	-0.00001431	-0.00003934	0.00038093
3.5000	0.00010729	-0.00002861	0.00038098
3.7500	0.00007868	-0.00000715	0.00038094
4.0000	-0.00017166	-0.00001609	0.00038090
4.2500	-0.00007153	-0.00003219	0.00038083
4.5000	0.00007153	0.00000000	0.00038088
4.7500	-0.00002861	0.00002146	0.00038089
5.0000	0.00022173	0.00001073	0.00038100
5.2500	-0.00007868	0.00001073	0.00038089
5.5000	-0.00019312	0.00001967	0.00038096
5.7500	-0.00011444	-0.00005007	0.00038081
6.0000	0.00012159	0.00005543	0.00038086
6.2500	-0.00014305	0.00002682	0.00038099
6.5000	-0.00033617	-0.00000536	0.00038093
6.7500	0.00003576	0.00000179	0.00038085
7.0000	0.00007868	0.00001073	0.00038087
7.2500	0.00025034	0.00001252	0.00038082
7.5000	-0.00013590	-0.00000715	0.00038080
7.7500	-0.00020027	0.00008583	0.00038074
8.0000	0.00020742	0.00002146	0.00038091
8.2500	-0.00001431	0.00002861	0.00038079
8.5000	0.00022173	-0.00002325	0.00038073
8.7500	-0.00012159	0.00002861	0.00038083
9.0000	-0.00010729	-0.00000715	0.00038075
9.2500	-0.00010014	0.00001431	0.00038084
9.5000	-0.00002146	0.00001967	0.00038082
9.7500	0.00002146	0.00002861	0.00038074
10.0000	-0.00031471	0.00000000	0.00038084
10.2500	0.00007868	-0.00004113	0.00038084
10.5000	-0.00017881	0.00001967	0.00038088
10.7500	-0.00020742	-0.00000179	0.00038062
11.0000	-0.00006437	0.00001788	0.00038008
11.2500	-0.00000715	0.00003219	0.00037995
11.5000	0.00001431	-0.00001073	0.00038041
11.7500	0.00015020	0.00001252	0.00038047
12.0000	0.00006437	0.00008404	0.00038053
12.2500	0.00007868	0.00002682	0.00038069
12.5000	0.00014305	0.00000358	0.00038061
12.7500	0.00002861	-0.00002146	0.00038065
13.0000	0.00008583	0.00001788	0.00038060
13.2500	-0.00024319	0.00004649	0.00038079
13.5000	0.00004292	-0.00001073	0.00038066
13.7500	0.00003576	0.00003576	0.00038070
14.0000	0.00032187	0.00000358	0.00038061
14.2500	0.00013590	0.00000536	0.00038057
14.5000	-0.00007153	0.00003755	0.00038068
14.7500	0.00002861	-0.00001788	0.00038022
15.0000	-0.00002861	0.00004649	0.00038025
15.2500	-0.00031471	-0.00000358	0.00037994
15.5000	-0.00025034	-0.00003934	0.00038006
15.7500	0.00012875	0.00000715	0.00038003
16.0000	-0.00005007	-0.00003397	0.00038043
16.2500	0.00001431	-0.00000715	0.00038002
16.5000	-0.00015736	0.00003219	0.00037969
16.7500	-0.00023603	0.00000894	0.00037751
17.0000	-0.00000715	0.00005364	0.00038008
17.2500	0.00009298	0.00007331	0.00038077
17.5000	-0.00019312	0.00005901	0.00038024
17.7500	0.00006437	0.00002861	0.00037780
18.0000	-0.00042200	-0.00001073	0.00037974
18.2500	-0.00005722	0.00002146	0.00038001
18.5000	-0.00001431	0.00001609	0.00037925
18.7500	0.00008583	0.00006795	0.00038084
19.0000	-0.00004292	0.00001252	0.00038068
19.2500	-0.00007153	0.00000000	0.00038080
19.5000	0.00000000	-0.00002861	0.00038063
19.7500	-0.00054359	-0.00002503	0.00038112
20.0000	0.00002861	0.00004113	0.00038116
20.2500	-0.00032902	-0.00003755	0.00038062
20.5000	-0.00010014	-0.00000179	0.00038078
20.7500	-0.00006437	0.00002861	0.00038062
21.0000	0.00005007	-0.00004292	0.00038062
21.2500	-0.00019312	0.00002503	0.00038058
21.5000	-0.00036478	-0.00002503	0.00038065
21.7500	0.00003576	-0.00003397	0.00038046
22.0000	-0.00002861	-0.00002146	0.00038055
22.2500	0.00005007	0.00002146	0.00038038
22.5000	0.00003576	0.00001609	0.00038042
22.7500	0.00025034	0.00003219	0.00038048
23.0000	-0.00004292	-0.00004470	0.00038042
23.2500	0.00022173	-0.00012696	0.00038048
23.5000	-0.00002146	-0.00002146	0.00038055
23.7500	-0.00010014	-0.00000715	0.00038042
24.0000	-0.00014305	0.00008225	0.00038030
24.2500	-0.00005722	0.00000358	0.00038045
24.5000	-0.00003576	-0.00002146	0.00038039
24.7500	0.00010729	0.00000536	0.00038040
25.0000	-0.00012159	0.00000894	0.00038052
25.2500	-0.00016451	-0.00001788	0.00038039
25.5000	-0.00026464	-0.00002325	0.00038041
25.7500	-0.00015020	0.00001073	0.00038041
26.0000	0.00002146	0.00001073	0.00038040
26.2500	-0.00032187	-0.00001609	0.00038042
26.5000	0.00000000	0.00006616	0.00038038
26.7500	0.00018597	0.00000536	0.00038032
27.0000	-0.00016451	0.00008941	0.00038042
27.2500	-0.00020742	0.00000000	0.00038031
27.5000	-0.00024319	-0.00000536	0.00038031
27.7500	-0.00011444	-0.00000536	0.00038036
28.0000	-0.00006437	-0.00002682	0.00038034
28.2500	-0.00013590	0.00003755	0.00038026
28.5000	0.00008583	-0.00009120	0.00038030
28.7500	-0.00027180	0.00006795	0.00038030
29.0000	-0.00005007	0.00002146	0.00038039
29.2500	-0.00020742	-0.00000536	0.00037953
29.5000	-0.00005722	0.00007868	0.00038117
29.7500	-0.00010729	-0.00001967	0.00038050
30.0000	-0.00011444	-0.00002325	0.00038033
30.2500	0.00015736	0.00004828	0.00038160
30.5000	-0.00023603	0.00002146	0.00038027
30.7500	-0.00011444	-0.00000358	0.00038040
31.0000	-0.00008583	-0.00002146	0.00038046
31.2500	0.00011444	-0.00005007	0.00038017
31.5000	0.00002146	0.00001073	0.00038006
31.7500	0.00003576	-0.00004113	0.00038034
32.0000	0.00001431	-0.00002503	0.00038022
32.2500	-0.00014305	-0.00001609	0.00038019
32.5000	-0.00022173	0.00000894	0.00038031
32.7500	-0.00010729	0.00004470	0.00038017
33.0000	-0.00017166	-0.00000715	0.00038025
33.2500	-0.00012875	-0.00000179	0.00038024
33.5000	-0.00006437	-0.00000179	0.00038023
33.7500	0.00030756	0.00001788	0.00037998
34.0000	-0.00000715	-0.00000179	0.00038014
34.2500	-0.00028610	-0.00003934	0.00037989
34.5000	0.00000000	-0.00001073	0.00038035
34.7500	-0.00033617	0.00003397	0.00038039
35.0000	-0.00003576	0.00007510	0.00038000
35.2500	0.00003576	-0.00005722	0.00038004
35.5000	0.00015736	-0.00000358	0.00038017
35.7500	-0.00004292	-0.00000536	0.00038026
36.0000	0.00017881	0.00006080	0.00038024
36.2500	0.00003576	-0.00006974	0.00038011
36.5000	-0.00052929	-0.00002325	0.00037999
36.7500	0.00002861	-0.00004292	0.00038012
37.0000	-0.00030041	0.00001252	0.00038015
37.2500	-0.00004292	-0.00006258	0.00037996
37.5000	-0.00009298	0.00003040	0.00037996
37.7500	0.00002146	-0.00002682	0.00038016
38.0000	0.00004292	0.00002146	0.00038011
38.2500	0.00011444	0.00003219	0.00038015
38.5000	0.00005722	0.00006258	0.00037998
38.7500	-0.00023603	-0.00001788	0.00038001
39.0000	0.00001431	0.00013053	0.00038005
39.2500	-0.00007868	-0.00008225	0.00037995
39.5000	0.00011444	0.00004470	0.00038004
39.7500	0.00010729	-0.00003934	0.00038006
40.0000	-0.00022888	-0.00002503	0.00038012
40.2500	-0.00002146	-0.00002503	0.00038019
40.5000	0.00001431	-0.00003755	0.00038004
40.7500	-0.00021458	-0.00001252	0.00037993
41.0000	0.00000715	-0.00010550	0.00038013
41.2500	-0.00043631	-0.00006795	0.00037992
41.5000	-0.00007153	0.00003934	0.00038011
41.7500	0.00014305	-0.00000536	0.00038003
42.0000	-0.00001431	0.00003040	0.00038006
42.2500	0.00004292	-0.00003755	0.00038023
42.5000	0.00020027	0.00000179	0.00037993
42.7500	0.00015020	0.00006258	0.00037961
43.0000	-0.00012159	-0.00003576	0.00037999
43.2500	-0.00005722	-0.00001788	0.00037990
43.5000	-0.00040770	-0.00000358	0.00037852
43.7500	0.00019312	0.00007689	0.00037940
44.0000	0.00008583	0.00000536	0.00037946
44.2500	0.00032902	0.00001967	0.00037949
44.5000	-0.00005722	-0.00000715	0.00038006
44.7500	0.00002861	0.00005722	0.00038038
45.0000	0.00012875	-0.00001788	0.00038015
45.2500	-0.00005007	-0.00001788	0.00038034
45.5000	0.00002861	0.00001967	0.00038024
45.7500	0.00005722	0.00003755	0.00037998
46.0000	-0.00015020	0.00000715	0.00037988
46.2500	-0.00013590	0.00004649	0.00037978
46.5000	-0.00005007	0.00001073	0.00037976
46.7500	0.00007153	0.00001431	0.00038027
47.0000	-0.00008583	0.00004292	0.00038010
47.2500	0.00007153	-0.00008941	0.00037983
47.5000	-0.00014305	0.00008941	0.00037986
47.7500	-0.00008583	0.00001609	0.00038029
48.0000	-0.00019312	0.00000000	0.00038014
48.2500	-0.00018597	-0.00003219	0.00037977
48.5000	-0.00010014	-0.00002861	0.00037965
48.7500	-0.00005007	0.00000715	0.00037956
49.0000	0.00002146	-0.00001788	0.00037966
49.2500	-0.00005007	-0.00000715	0.00037981
49.5000	-0.00027895	-0.00002146	0.00037976
49.7500	-0.00007868	-0.00003576	0.00037965
50.0000	-0.00012875	0.00002682	0.00037983
50.2500	0.00000000	0.00003040	0.00037975
50.5000	-0.00017881	-0.00004470	0.00037985
50.7500	-0.00010729	-0.00008047	0.00037980
51.0000	0.00001431	-0.00001431	0.00037982
51.2500	-0.00009298	-0.00000715	0.00037974
51.5000	-0.00025034	0.00001431	0.00037982
51.7500	-0.00025749	-0.00002861	0.00037979
52.0000	-0.00020027	0.00004649	0.00037973
52.2500	0.00000000	-0.00001967	0.00037969
52.5000	-0.00007153	-0.00000358	0.00037973
52.7500	-0.00007153	0.00000536	0.00037975
53.0000	-0.00004292	-0.00009298	0.00037988
53.2500	-0.00002861	0.00000358	0.00037972
53.5000	0.00003576	0.00005186	0.00037981
53.7500	-0.00002146	0.00002861	0.00037961
54.0000	0.00000715	0.00006080	0.00037964
54.2500	0.00002861	-0.00000894	0.00037973
54.5000	-0.00007868	-0.00000536	0.00037966
54.7500	-0.00013590	-0.00006258	0.00037961
55.0000	-0.00000715	-0.00007153	0.00037949
55.2500	-0.00000715	0.00000179	0.00037953
55.5000	-0.00012875	-0.00000358	0.00037967
55.7500	-0.00009298	-0.00003040	0.00037982
56.0000	-0.00007868	0.00004470	0.00037955
56.2500	0.00026464	0.00001431	0.00037966
56.5000	-0.00011444	0.00002146	0.00037957
56.7500	0.00005007	-0.00000179	0.00037958
57.0000	-0.00005007	0.00000358	0.00037946
57.2500	0.00010014	-0.00001431	0.00037961
57.5000	0.00014305	0.00001252	0.00037961
57.7500	-0.00016451	0.00000894	0.00037957
58.0000	0.00007153	-0.00004113	0.00037944
58.2500	-0.00034332	-0.00003219	0.00037947
58.5000	-0.00010014	-0.00004470	0.00037963
58.7500	-0.00025034	-0.00002682	0.00037952
59.0000	-0.00006437	0.00006080	0.00037948
59.2500	0.00008583	-0.00001073	0.00037958
59.5000	-0.00014305	-0.00003934	0.00037953
59.7500	-0.00015736	-0.00001073	0.00037960
60.0000	0.00016451	-0.00000894	0.00037948
60.2500	0.00021458	0.00000536	0.00037959
60.5000	-0.00005007	0.00002146	0.00037944
60.7500	-0.00010729	0.00003397	0.00037948
61.0000	-0.00003576	0.00001431	0.00037949
61.2500	-0.00015736	0.00003755	0.00037945
61.5000	0.00007868	-0.00003397	0.00037944
61.7500	-0.00014305	0.00001609	0.00037953
62.0000	-0.00001431	0.00001967	0.00037935
62.2500	0.00020742	0.00004828	0.00037964
62.5000	0.00002861	0.00000894	0.00037957
62.7500	0.00000715	0.00002503	0.00037956
63.0000	0.00006437	-0.00002503	0.00037943
63.2500	0.00000000	0.00001967	0.00037963
63.5000	-0.00016451	-0.00000179	0.00037948
63.7500	0.00007153	-0.00001609	0.00037942
64.0000	-0.00006437	0.00006616	0.00037942
64.2500	-0.00011444	-0.00001252	0.00037932
64.5000	-0.00031471	0.00004113	0.00037924
64.7500	-0.00000715	0.00005186	0.00037939
65.0000	-0.00004292	0.00006080	0.00037942
65.2500	-0.00010014	-0.00002861	0.00037956
65.5000	-0.00016451	-0.00007689	0.00037936
65.7500	-0.00022173	-0.00001073	0.00037944
66.0000	0.00008583	-0.00001967	0.00037936
66.2500	-0.00037909	0.00000536	0.00037941
66.5000	-0.00014305	-0.00000358	0.00037939
66.7500	-0.00000715	0.00005186	0.00037928
67.0000	-0.00009298	-0.00000179	0.00037930
67.2500	0.00007153	-0.00000358	0.00037939
67.5000	-0.00007153	-0.00002503	0.00037923
67.7500	-0.00017881	0.00000715	0.00037933
68.0000	-0.00016451	0.00003755	0.00037928
68.2500	-0.00022173	-0.00000179	0.00037942
68.5000	-0.00010729	0.00004828	0.00037950
68.7500	-0.00002861	0.00008583	0.00037931
69.0000	0.00003576	0.00000894	0.00037929
69.2500	-0.00005007	0.00008225	0.00037935
69.5000	-0.00022173	0.00000000	0.00037923
69.7500	-0.00007153	0.00000894	0.00037934
70.0000	-0.00014305	0.00003576	0.00037933
70.2500	0.00004292	-0.00002503	0.00037935
70.5000	-0.00027180	0.00005007	0.00037912
70.7500	-0.00006437	-0.00000179	0.00037923
71.0000	-0.00043631	-0.00002146	0.00037941
71.2500	-0.00031471	-0.00001788	0.00037941
71.5000	-0.00012159	-0.00006616	0.00037918
71.7500	-0.00010014	-0.00000715	0.00037944
72.0000	0.00001431	0.00004113	0.00037911
72.2500	-0.00015736	-0.00008762	0.00037919
72.5000	0.00007868	-0.00002325	0.00037929
72.7500	0.00002146	0.00002503	0.00037921
73.0000	-0.00017881	0.00007153	0.00037912
73.2500	-0.00015736	0.00001609	0.00037905
73.5000	0.00017166	-0.00000536	0.00037912
73.7500	-0.00001431	-0.00000179	0.00037917
74.0000	-0.00027180	-0.00002503	0.00037914
74.2500	-0.00022173	-0.00006795	0.00037923
74.5000	0.00022888	0.00000715	0.00037912
74.7500	-0.00015736	0.00002503	0.00037898
75.0000	-0.00012159	-0.00003576	0.00037906
75.2500	0.00024319	-0.00003576	0.00037903
75.5000	-0.00002146	0.00005543	0.00037912
75.7500	-0.00018597	-0.00000179	0.00037906
76.0000	-0.00005007	-0.00005722	0.00037916
76.2500	-0.00002146	-0.00008941	0.00037917
76.5000	0.00008583	-0.00002861	0.00037917
76.7500	0.00007153	0.00001431	0.00037908
77.0000	-0.00019312	0.00003576	0.00037917
77.2500	-0.00015020	0.00009120	0.00037933
77.5000	0.00000715	-0.00001073	0.00037910
77.7500	-0.00006437	0.00005364	0.00037919
78.0000	0.00002861	-0.00003755	0.00037908
78.2500	-0.00014305	-0.00003040	0.00037910
78.5000	0.00005722	-0.00001073	0.00037901
78.7500	-0.00012159	-0.00006795	0.00037895
79.0000	-0.00022173	0.00005722	0.00037913
79.2500	-0.00003576	-0.00002503	0.00037915
79.5000	0.00002861	-0.00002861	0.00037920
79.7500	-0.00022173	0.00000000	0.00037901
80.0000	0.00008583	0.00001073	0.00037902
80.2500	-0.00015736	-0.00004292	0.00037914
80.5000	0.00001431	-0.00003397	0.00037901
80.7500	0.00015736	0.00002325	0.00037893
81.0000	0.00002861	0.00002861	0.00037899
81.2500	0.00022173	0.00000358	0.00037917
81.5000	-0.00005007	-0.00004113	0.00037888
81.7500	0.00005007	-0.00002325	0.00037964
82.0000	0.00000000	0.00006258	0.00037892
82.2500	0.00000715	0.00003040	0.00037913
82.5000	-0.00009298	-0.00002682	0.00037898
82.7500	-0.00024319	-0.00004828	0.00037894
83.0000	0.00000715	-0.00000179	0.00037895
83.2500	-0.00006437	-0.00007331	0.00037906
83.5000	0.00002861	0.00000894	0.00037898
83.7500	-0.00013590	0.00005364	0.00037891
84.0000	-0.00025034	0.00010729	0.00037891
84.2500	-0.00002146	-0.00001431	0.00037882
84.5000	0.00020027	-0.00002682	0.00037880
84.7500	-0.00012875	0.00008941	0.00037887
85.0000	0.00041485	-0.00008941	0.00037885
85.2500	-0.00007153	-0.00002146	0.00037893
85.5000	-0.00019312	-0.00001788	0.00037899
85.7500	-0.00009298	0.00001967	0.00037886
86.0000	0.00009298	0.00001609	0.00037887
86.2500	-0.00014305	-0.00002325	0.00037890
86.5000	-0.00037193	0.00003040	0.00037888
86.7500	0.00010014	0.00004828	0.00037900
87.0000	-0.00007153	0.00003040	0.00037902
87.2500	-0.00001431	-0.00002325	0.00037888
87.5000	0.00039339	0.00001609	0.00037888
87.7500	-0.00015020	-0.00002682	0.00037877
88.0000	-0.00020027	0.00006616	0.00037879
88.2500	-0.00010729	-0.00003040	0.00037848
88.5000	0.00200987	-0.00001252	0.00038042
88.7500	0.00211000	-0.00005543	0.00037958
89.0000	0.00217438	0.00004113	0.00037914
89.2500	0.00184536	0.00004470	0.00037944
89.5000	0.00203848	0.00001788	0.00037889
89.7500	0.00218868	0.00000000	0.00037879
90.0000	0.00201702	0.00001252	0.00037890
90.2500	0.00178814	-0.00001252	0.00037886
90.5000	0.00187397	-0.00002682	0.00037877
90.7500	0.00198126	0.00008762	0.00037870
91.0000	0.00216007	0.00002503	0.00037893
91.2500	0.00206709	-0.00003219	0.00037893
91.5000	0.00212431	0.00006437	0.00037874
91.7500	0.00195265	0.00006616	0.00037876
92.0000	0.00195265	0.00005007	0.00037875
92.2500	0.00218868	0.00003755	0.00037868
92.5000	0.00201702	0.00000894	0.00037889
92.7500	0.00223160	-0.00001967	0.00037862
93.0000	0.00201702	-0.00003934	0.00037858
93.2500	0.00191689	0.00004649	0.00037877
93.5000	0.00182390	-0.00000358	0.00037856
93.7500	0.00168800	0.00003934	0.00037863
94.0000	0.00169516	0.00002325	0.00037884
94.2500	0.00185967	-0.00002682	0.00037868
94.5000	0.00204563	-0.00000894	0.00037867
94.7500	0.00203133	0.00000358	0.00037852
95.0000	0.00190258	0.00004470	0.00037950
95.2500	0.00210285	-0.00000536	0.00038086
95.5000	0.00188112	-0.00004828	0.00039191
95.7500	0.00186682	0.00003576	0.00039658
96.0000	0.00204563	0.00011086	0.00039581
96.2500	0.00205278	0.00000894	0.00039672
96.5000	0.01760244	0.00016809	0.00039579
96.7500	0.30681612	0.00163436	0.00040030
97.0000	0.76805596	0.00411987	0.00039478
97.2500	1.41786584	0.00767469	0.00039714
97.5000	2.46509328	0.01331270	0.00039812
97.7500	2.53625408	0.01382053	0.00039493
98.0000	2.93057459	0.01616657	0.00039684
98.2500	4.13517261	0.02285957	0.00039447
98.5000	4.99726325	0.02791643	0.00039343
98.7500	5.01500875	0.02828479	0.00039541
99.0000	5.47832283	0.03115297	0.00039707
99.2500	6.46438160	0.03704131	0.00039290
99.5000	7.33411117	0.04238248	0.00039655
99.7500	7.38852783	0.04304946	0.00039322
100.0000	7.52341077	0.04427076	0.00039416
100.2500	8.50378326	0.05040765	0.00039432
100.5000	9.18672378	0.05495131	0.00039499
100.7500	9.46243343	0.05716324	0.00039276
101.0000	9.46489391	0.05758703	0.00039542
101.2500	9.89074289	0.06075204	0.00039360
101.5000	10.39050641	0.06445706	0.00039421
101.7500	11.11589021	0.06958187	0.00039466
102.0000	11.57087157	0.07299364	0.00039367
102.2500	11.57813141	0.07370532	0.00039217
102.5000	11.67966912	0.07492304	0.00039132
102.7500	12.06442666	0.07818640	0.00039266
103.0000	12.54960612	0.08205593	0.00039115
103.2500	13.24211676	0.08725048	0.00039381
103.5000	13.49179110	0.08976818	0.00039289
103.7500	13.50331387	0.09060860	0.00039132
104.0000	14.42213860	0.09770215	0.00039224
104.2500	15.49485061	0.10580958	0.00039189
104.5000	15.83159303	0.10896385	0.00039349
104.7500	15.83155011	0.10985971	0.00039362
105.0000	16.53325895	0.11564971	0.00039244
105.2500	17.23499639	0.12160064	0.00039233
105.5000	17.80835973	0.12660385	0.00039180
105.7500	17.96755421	0.12876213	0.00039210
106.0000	17.96778309	0.12972952	0.00039147
106.2500	18.34101786	0.13345421	0.00039002
106.5000	18.77658717	0.13759375	0.00039234
106.7500	19.26032181	0.14206768	0.00039089
107.0000	19.61553214	0.14572442	0.00039217
107.2500	19.81670498	0.14810801	0.00039136
107.5000	19.99418855	0.15044869	0.00039171
107.7500	20.00139833	0.15151621	0.00039110
108.0000	19.85635876	0.15139461	0.00039091
108.2500	19.79375957	0.15185417	0.00039227
108.5000	19.76646541	0.15272678	0.00039131
108.7500	19.85595106	0.15438975	0.00039175
109.0000	19.88750815	0.15567184	0.00039190
109.2500	19.88263726	0.15666784	0.00039209
109.5000	19.87737297	0.15746535	0.00039030
109.7500	19.87694382	0.15852214	0.00039108
110.0000	19.87651467	0.15947879	0.00039088
110.2500	19.87612128	0.16044439	0.00039161
110.5000	19.87547754	0.16146899	0.00039045
110.7500	19.87519144	0.16240777	0.00039083
111.0000	19.87503409	0.16344489	0.00039091
111.2500	19.87447619	0.16441227	0.00039108
111.5000	19.87380385	0.16538144	0.00039059
111.7500	19.87358212	0.16634882	0.00039062
112.0000	19.87326740	0.16729296	0.00039059
112.2500	19.87250208	0.16822280	0.00039057
112.5000	19.87213015	0.16925992	0.00039064
112.7500	19.87162232	0.17027558	0.00039088
113.0000	19.87107872	0.17130912	0.00039048
113.2500	19.87056374	0.17233730	0.00039004
113.5000	19.86992716	0.17341376	0.00039026
113.7500	19.86955523	0.17444373	0.00038994
114.0000	19.86893295	0.17557562	0.00038998
114.2500	19.86829638	0.17668964	0.00039053
114.5000	19.86738800	0.17796279	0.00038971
114.7500	19.86642956	0.17919303	0.00038957
115.0000	19.86552834	0.18058778	0.00038988
115.2500	19.86440539	0.18226863	0.00038951
115.5000	19.86266016	0.18424452	0.00039001
115.7500	19.85575079	0.19127191	0.00039041
116.0000	19.83010172	0.21484495	0.00038981
116.2500	19.82930778	0.21638991	0.00039064
116.5000	19.82960104	0.21638633	0.00039001
116.7500	19.82995867	0.21633626	0.00039003
117.0000	19.83089565	0.21636666	0.00038951
117.2500	19.83136772	0.21639885	0.00038942
117.5000	19.83219027	0.21640064	0.00038975
117.7500	19.83244776	0.21643998	0.00038943
118.0000	19.83324884	0.21637918	0.00038910
118.2500	19.83344912	0.21640958	0.00038918
118.5000	19.83411430	0.21637739	0.00038918
118.7500	19.83450054	0.21634342	0.00038933
119.0000	19.83506559	0.21647574	0.00038935
119.2500	19.83570932	0.21642925	0.00038936
119.5000	19.83641027	0.21638991	0.00038909
119.7500	19.83691095	0.21637560	0.00038896
120.0000	19.83734011	0.21646322	0.00038898
120.2500	19.83776926	0.21649004	0.00038882
120.5000	19.83838438	0.21649004	0.00038908
120.7500	19.83882069	0.21648647	0.00038899
121.0000	19.83952879	0.21649541	0.00038911
121.2500	19.84030127	0.21648826	0.00038910
121.5000	19.84051584	0.21649183	0.00038903
121.7500	19.84117388	0.21646859	0.00038898
122.0000	19.84158157	0.21646322	0.00038889
122.2500	19.84203934	0.21644176	0.00038890
122.5000	19.84228252	0.21647753	0.00038870
122.7500	19.84295486	0.21649720	0.00038880
123.0000	19.84320520	0.21647216	0.00038865
123.2500	19.84396338	0.21649898	0.00038864
123.5000	19.84472870	0.21658124	0.00038873
123.7500	19.84522938	0.21649720	0.00038864
124.0000	19.84587311	0.21656693	0.00038869
124.2500	19.84593033	0.21656693	0.00038881
124.5000	19.84650253	0.21655263	0.00038859
124.7500	19.84670280	0.21657230	0.00038831
125.0000	19.84734654	0.21656872	0.00038836
125.2500	19.84791159	0.21654905	0.00038837
125.5000	19.84824060	0.21658303	0.00038822
125.7500	19.84881996	0.21656157	0.00038833
126.0000	19.84920620	0.21655978	0.00038833
126.2500	19.84943508	0.21655978	0.00038842
126.5000	19.85037922	0.21654190	0.00038860
126.7500	19.85053658	0.21662058	0.00038844
127.0000	19.85123753	0.21662952	0.00038817
127.2500	19.85139488	0.21662415	0.00038826
127.5000	19.85210299	0.21665276	0.00038803
127.7500	19.85240339	0.21656872	0.00038823
128.0000	19.85264658	0.21664919	0.00038816
128.2500	19.85336899	0.21671356	0.00038823
128.5000	19.85384821	0.21665455	0.00038848
128.7500	19.85444903	0.21664025	0.00038802
129.0000	19.85464214	0.21655799	0.00038806
129.2500	19.85516428	0.21662237	0.00038806
129.5000	19.85562920	0.21667065	0.00038801
129.7500	19.85636591	0.21653653	0.00038821
130.0000	19.85658049	0.21667601	0.00038796
130.2500	19.85712408	0.21664382	0.00038802
130.5000	19.85756754	0.21668137	0.00038793
130.7500	19.85808968	0.21669031	0.00038799
131.0000	19.85823273	0.21664919	0.00038765
131.2500	19.85917687	0.21665455	0.00038709
131.5000	19.85938429	0.21672071	0.00038743
131.7500	19.85972761	0.21669747	0.00038777
132.0000	19.86015677	0.21675290	0.00038758
132.2500	19.86097216	0.21672250	0.00038772
132.5000	19.86090778	0.21671893	0.00038771
132.7500	19.86132979	0.21673502	0.00038780
133.0000	19.86220955	0.21670998	0.00038775
133.2500	19.86232399	0.21673144	0.00038763
133.5000	19.86280321	0.21674396	0.00038759
133.7500	19.86352562	0.21674217	0.00038756
134.0000	19.86373305	0.21670820	0.00038777
134.2500	19.86406922	0.21682443	0.00038742
134.5000	19.86455559	0.21676542	0.00038753
134.7500	19.86492037	0.21682979	0.00038756
135.0000	19.86560702	0.21683694	0.00038747
135.2500	19.86611485	0.21680118	0.00038765
135.5000	19.86617922	0.21686734	0.00038752
135.7500	19.86648678	0.21679760	0.00038743
136.0000	19.86707329	0.21675648	0.00038758
136.2500	19.86741661	0.21680297	0.00038762
136.5000	19.86778139	0.21680118	0.00038736
136.7500	19.86814617	0.21679939	0.00038728
137.0000	19.86886858	0.21684231	0.00038737
137.2500	19.86924051	0.21684946	0.00038719
137.5000	19.86939787	0.21690489	0.00038740
137.7500	19.87005591	0.21682443	0.00038751
138.0000	19.87038492	0.21679224	0.00038740
138.2500	19.87059235	0.21685482	0.00038731
138.5000	19.87132191	0.21686019	0.00038739
138.7500	19.87165808	0.21683515	0.00038720
139.0000	19.87208723	0.21681370	0.00038721
139.2500	19.87266659	0.21683515	0.00038694
139.5000	19.87293839	0.21681370	0.00038719
139.7500	19.87369656	0.21685661	0.00038707
140.0000	19.87376093	0.21691920	0.00038685
140.2500	19.87487673	0.21687628	0.00038709
140.5000	19.87530588	0.21693171	0.00038709
140.7500	19.87600683	0.21691204	0.00038709
141.0000	19.87662195	0.21685840	0.00038724
141.2500	19.87725138	0.21696211	0.00038692
141.5000	19.87810253	0.21688165	0.00038701
141.7500	19.87969755	0.21694065	0.00038707
142.0000	19.88112091	0.21690132	0.00038709
142.2500	19.88171458	0.21696032	0.00038685
142.5000	19.88253712	0.21688343	0.00038686
142.7500	19.88296627	0.21690310	0.00038699
143.0000	19.88340973	0.21695675	0.00038671
143.2500	19.88426089	0.21696926	0.00038665
143.5000	19.88446831	0.21702112	0.00038683
143.7500	19.88501906	0.21699072	0.00038688
144.0000	19.88553404	0.21699609	0.00038683
144.2500	19.88604187	0.21707655	0.00038685
144.5000	19.88669276	0.21706225	0.00038684
144.7500	19.88721489	0.21698178	0.00038650
145.0000	19.88752245	0.21706046	0.00038692
145.2500	19.88803744	0.21701039	0.00038675
145.5000	19.88842367	0.21698357	0.00038661
145.7500	19.88865971	0.21712662	0.00038686
146.0000	19.88918185	0.21703364	0.00038663
146.2500	19.88951086	0.21707119	0.00038654
146.5000	19.88965391	0.21704437	0.00038642
146.7500	19.89029764	0.21708013	0.00038657
147.0000	19.89042639	0.21704079	0.00038649
147.2500	19.89086985	0.21702291	0.00038667
147.5000	19.89104866	0.21708549	0.00038660
147.7500	19.89155649	0.21707119	0.00038655
148.0000	19.89189267	0.21704615	0.00038649
148.2500	19.89234328	0.21705867	0.00038654
148.5000	19.89267945	0.21708013	0.00038647
148.7500	19.89284396	0.21705152	0.00038638
149.0000	19.89327311	0.21707119	0.00038631
149.2500	19.89348769	0.21707834	0.00038338
149.5000	19.89374518	0.21713914	0.00038549
149.7500	19.89423155	0.21706761	0.00038644
150.0000	19.89424586	0.21709265	0.00038666
150.2500	19.89489674	0.21710695	0.00038623
150.5000	19.89498257	0.21710695	0.00038657
150.7500	19.89569783	0.21709801	0.00038641
151.0000	19.89591956	0.21711589	0.00038626
151.2500	19.89628434	0.21715165	0.00038630
151.5000	19.89638447	0.21710695	0.00038618
151.7500	19.89664196	0.21707119	0.00038619
152.0000	19.89703535	0.21711768	0.00038620
152.2500	19.89729285	0.21712662	0.00038613
152.5000	19.89783644	0.21711410	0.00038617
152.7500	19.89790081	0.21710516	0.00038607
153.0000	19.89838004	0.21718742	0.00038610
153.2500	19.89871621	0.21714629	0.00038647
153.5000	19.89900231	0.21721066	0.00038626
153.7500	19.89936709	0.21716954	0.00038598
154.0000	19.89972472	0.21710695	0.00038603
154.2500	19.89967465	0.21712126	0.00038615
154.5000	19.90014672	0.21720709	0.00038597
154.7500	19.90042567	0.21716775	0.00038588
155.0000	19.90064740	0.21719636	0.00038599
155.2500	19.90098357	0.21718921	0.00038604
155.5000	19.90154147	0.21718027	0.00038600
155.7500	19.90165591	0.21715523	0.00038574
156.0000	19.90202069	0.21715881	0.00038587
156.2500	19.90237831	0.21714629	0.00038588
156.5000	19.90266442	0.21719815	0.00038588
156.7500	19.90320801	0.21724821	0.00038603
157.0000	19.90337967	0.21721603	0.00038606
157.2500	19.90373730	0.21723927	0.00038607
157.5000	19.90378022	0.21720351	0.00038586
157.7500	19.90395903	0.21718027	0.00038593
158.0000	19.90450262	0.21723033	0.00038590
158.2500	19.90478873	0.21713914	0.00038594
158.5000	19.90508198	0.21720888	0.00038578
158.7500	19.90549683	0.21721424	0.00038566
159.0000	19.90596175	0.21716060	0.00038582
159.2500	19.90631937	0.21725716	0.00038573
159.5000	19.90633368	0.21725716	0.00038571
159.7500	19.90665554	0.21721603	0.00038568
160.0000	19.90660548	0.21717669	0.00038547
160.2500	19.90719914	0.21724643	0.00038569
160.5000	19.90742087	0.21719815	0.00038554
160.7500	19.90776419	0.21724821	0.00038549
161.0000	19.90818619	0.21717311	0.00038550
161.2500	19.90865826	0.21722139	0.00038547
161.5000	19.90887284	0.21730365	0.00038520
161.7500	19.90925192	0.21724643	0.00038527
162.0000	19.90972399	0.21726967	0.00038548
162.2500	19.91036057	0.21728219	0.00038566
162.5000	19.91028904	0.21726073	0.00038549
162.7500	19.91051793	0.21729828	0.00038566
163.0000	19.91082549	0.21735729	0.00038537
163.2500	19.91116881	0.21730007	0.00038573
163.5000	19.91127610	0.21729292	0.00038549
163.7500	19.91190552	0.21729292	0.00038558
164.0000	19.91181254	0.21729828	0.00038552
164.2500	19.91201996	0.21726073	0.00038533
164.5000	19.91249918	0.21733405	0.00038536
164.7500	19.91255640	0.21733941	0.00038550
165.0000	19.91294980	0.21730543	0.00038539
165.2500	19.91347908	0.21726073	0.00038552
165.5000	19.91359353	0.21730543	0.00038531
165.7500	19.91390109	0.21728219	0.00038521
166.0000	19.91402983	0.21732510	0.00038531
166.2500	19.91444468	0.21732510	0.00038506
166.5000	19.91446614	0.21725179	0.00038512
166.7500	19.91482377	0.21733226	0.00038517
167.0000	19.91551041	0.21733583	0.00038541
167.2500	19.91567492	0.21735014	0.00038506
167.5000	19.91593241	0.21732689	0.00038516
167.7500	19.91616129	0.21735371	0.00038503
168.0000	19.91636872	0.21730365	0.00038503
168.2500	19.91676211	0.21732332	0.00038490
168.5000	19.91698384	0.21737517	0.00038501
168.7500	19.91709113	0.21731259	0.00038498
169.0000	19.91754174	0.21734477	0.00038497
169.2500	19.91770625	0.21733762	0.00038512
169.5000	19.91802096	0.21742524	0.00038504
169.7500	19.91839289	0.21731438	0.00038482
170.0000	19.91857886	0.21736981	0.00038507
170.2500	19.91884350	0.21735371	0.00038489
170.5000	19.91914391	0.21741809	0.00038518
170.7500	19.91943001	0.21737160	0.00038489
171.0000	19.91957306	0.21742345	0.00038502
171.2500	19.91966605	0.21735908	0.00038498
171.5000	19.92011666	0.21745921	0.00038482
171.7500	19.92014527	0.21741988	0.00038486
172.0000	19.92040991	0.21739663	0.00038475
172.2500	19.92088913	0.21742703	0.00038486
172.5000	19.92108225	0.21748425	0.00038468
172.7500	19.92130398	0.21740199	0.00038477
173.0000	19.92150425	0.21746994	0.00038447
173.2500	19.92155432	0.21738411	0.00038470
173.5000	19.92196202	0.21745743	0.00038482
173.7500	19.92244839	0.21735550	0.00038478
174.0000	19.92302775	0.21737160	0.00038455
174.2500	19.92320656	0.21748246	0.00038455
174.5000	19.92353558	0.21740557	0.00038479
174.7500	19.94736075	0.21766485	0.00038471
175.0000	19.94794726	0.21772922	0.00038442
175.2500	19.94856238	0.21765233	0.00038463
175.5000	19.94859099	0.21763803	0.00038445
175.7500	19.94889855	0.21765770	0.00038448
176.0000	19.94905591	0.21775605	0.00038427
176.2500	19.94935631	0.21780254	0.00038460
176.5000	19.94974971	0.21770777	0.00038432
176.7500	19.95017171	0.21776856	0.00038459
177.0000	19.95043635	0.21767916	0.00038465
177.2500	19.95037198	0.21776677	0.00038461
177.5000	19.95097995	0.21770955	0.00038446
177.7500	19.95092272	0.21770777	0.00038429
178.0000	19.95138049	0.21771671	0.00038421
178.2500	19.95175242	0.21772922	0.00038428
178.5000	19.95231747	0.21766664	0.00038427
178.7500	19.95206713	0.21770240	0.00038437
179.0000	19.95252490	0.21769346	0.00038432
179.2500	19.95301842	0.21774711	0.00038429
179.5000	19.95307564	0.21777572	0.00038411
179.7500	19.95341897	0.21781684	0.00038422
180.0000	19.95344758	0.21778108	0.00038448
180.2500	19.95373368	0.21771849	0.00038417
180.5000	19.95412707	0.21774174	0.00038408
180.7500	19.95416283	0.21774174	0.00038428
181.0000	19.95456338	0.21771134	0.00038423
181.2500	19.95474934	0.21775426	0.00038414
181.5000	19.95466351	0.21775426	0.00038406
181.7500	19.95498538	0.21771849	0.00038421
182.0000	19.95514989	0.21777572	0.00038439
182.2500	19.95555043	0.21780969	0.00038417
182.5000	19.95598674	0.21779538	0.00038427
182.7500	19.95602250	0.21773280	0.00038403
183.0000	19.95614409	0.21778823	0.00038414
183.2500	19.95655894	0.21775962	0.00038413
183.5000	19.95668769	0.21778644	0.00038418
183.7500	19.95655179	0.21780254	0.00038410
184.0000	19.95702386	0.21783115	0.00038389
184.2500	19.95718837	0.21782221	0.00038392
184.5000	19.95736003	0.21785797	0.00038395
184.7500	19.95768904	0.21783472	0.00038388
185.0000	19.95781779	0.21787049	0.00038385
185.2500	19.95813250	0.21778644	0.00038394
185.5000	19.95812535	0.21779002	0.00038402
185.7500	19.95851159	0.21782400	0.00038400
186.0000	19.95887637	0.21776856	0.00038401
186.2500	19.95874047	0.21784009	0.00038389
186.5000	19.95931267	0.21779538	0.00038381
186.7500	19.95943427	0.21782757	0.00038384
187.0000	19.95950579	0.21780969	0.00038379
187.2500	19.95970607	0.21783472	0.00038373
187.5000	19.95941996	0.21781505	0.00038377
187.7500	19.95993495	0.21782757	0.00038387
188.0000	19.95993495	0.21776856	0.00038354
188.2500	19.96035695	0.21782400	0.00038381
188.5000	19.96050000	0.21776856	0.00038388
188.7500	19.96052861	0.21781148	0.00038374
189.0000	19.96085763	0.21779181	0.00038372
189.2500	19.96102214	0.21782042	0.00038367
189.5000	19.96123671	0.21782400	0.00038362
189.7500	19.96137976	0.21788658	0.00038375
190.0000	19.96131539	0.21784366	0.00038374
190.2500	19.96137976	0.21785618	0.00038365
190.5000	19.96147275	0.21781327	0.00038353
190.7500	19.96202349	0.21787943	0.00038353
191.0000	19.96203065	0.21786512	0.00038354
191.2500	19.96225953	0.21776499	0.00038332
191.5000	19.96223807	0.21785439	0.00038343
191.7500	19.96221661	0.21785976	0.00038342
192.0000	19.96234536	0.21790446	0.00038336
192.2500	19.96207356	0.21780790	0.00038324
192.5000	19.96241689	0.21775605	0.00038337
192.7500	19.96238112	0.21787943	0.00038328
193.0000	19.96243834	0.21783830	0.00038317
193.2500	19.96245265	0.21783472	0.00038339
193.5000	19.96235966	0.21789910	0.00038326
193.7500	19.96228099	0.21780611	0.00038325
194.0000	19.96198058	0.21781148	0.00038333
194.2500	19.96164441	0.21780790	0.00038336
194.5000	19.96130109	0.21788122	0.00038315
194.7500	19.96113658	0.21774889	0.00038336
195.0000	19.96053576	0.21774711	0.00038325
195.2500	19.96003508	0.21782578	0.00038344
195.5000	19.95973468	0.21791877	0.00038322
195.7500	19.95881200	0.21780969	0.00038341
196.0000	19.95833277	0.21780969	0.00038302
196.2500	19.95786071	0.21785439	0.00038303
196.5000	19.95741009	0.21775247	0.00038322
196.7500	19.95637297	0.21780254	0.00038323
197.0000	19.95558619	0.21777035	0.00038283
197.2500	19.95383382	0.21781327	0.00038334
197.5000	19.95437026	0.21773280	0.00038298
197.7500	19.95401978	0.21771134	0.00038305
198.0000	19.95429158	0.21773638	0.00038299
198.2500	19.95517134	0.21771492	0.00038322
198.5000	19.95595813	0.21779002	0.00038292
198.7500	19.95628714	0.21775247	0.00038327
199.0000	19.95592952	0.21772922	0.00038297
199.2500	19.95545745	0.21781863	0.00038317
199.5000	19.95362639	0.21774889	0.00038302
199.7500	19.95406270	0.21777929	0.00038290
200.0000	19.95511412	0.21773816	0.00038284
200.2500	19.95487809	0.21778466	0.00038308
200.5000	19.95597958	0.21781863	0.00038316
200.7500	19.95689511	0.21782936	0.00038287
201.0000	19.95710969	0.21780075	0.00038302
201.2500	19.95712399	0.21775426	0.00038307
201.5000	19.95840430	0.21790089	0.00038280
201.7500	19.95841145	0.21772744	0.00038292
202.0000	19.95803952	0.21781148	0.00038278
202.2500	19.95831132	0.21775068	0.00038285
202.5000	19.95826125	0.21776856	0.00038288
202.7500	19.95801806	0.21777572	0.00038290
203.0000	19.95824694	0.21779538	0.00038295
203.2500	19.95854735	0.21784724	0.00038281
203.5000	19.95913386	0.21775426	0.00038263
203.7500	19.95902657	0.21782400	0.00038248
204.0000	19.96004939	0.21779896	0.00038284
204.2500	19.96077895	0.21777393	0.00038286
204.5000	19.96080041	0.21779896	0.00038285
204.7500	19.96115088	0.21781684	0.00038273
205.0000	19.96125102	0.21782757	0.00038268
205.2500	19.96139407	0.21783294	0.00038260
205.5000	19.96173739	0.21781327	0.00038252
205.7500	19.96163010	0.21779896	0.00038254
206.0000	19.96130109	0.21785082	0.00038266
206.2500	19.96165871	0.21790089	0.00038250
206.5000	19.96194482	0.21782936	0.00038247
206.7500	19.96213078	0.21789016	0.00038255
207.0000	19.96276021	0.21788300	0.00038263
207.2500	19.96321797	0.21793128	0.00038236
207.5000	19.96328950	0.21790804	0.00038241
207.7500	19.96369719	0.21788479	0.00038232
208.0000	19.96416926	0.21782757	0.00038238
208.2500	19.96424794	0.21783115	0.00038257
208.5000	19.96413350	0.21790625	0.00038239
208.7500	19.96428370	0.21794201	0.00038242
209.0000	19.96471286	0.21781148	0.00038219
209.2500	19.96466279	0.21778287	0.00038216
209.5000	19.96490598	0.21786333	0.00038252
209.7500	19.96456980	0.21782578	0.00038230
210.0000	19.96444821	0.21791698	0.00038230
210.2500	19.96439814	0.21788658	0.00038219
210.5000	19.96460557	0.21785976	0.00038219
210.7500	19.96439814	0.21785618	0.00038220
211.0000	19.96408343	0.21790625	0.00038221
211.2500	19.96464133	0.21786155	0.00038206
211.5000	19.96473431	0.21796347	0.00038227
211.7500	19.96459842	0.21783115	0.00038211
212.0000	19.96499181	0.21782400	0.00038220
212.2500	19.96633649	0.21789194	0.00038221
212.5000	19.96705174	0.21785618	0.00038214
212.7500	19.96683717	0.21789910	0.00038205
213.0000	19.96679425	0.21789731	0.00038208
213.2500	19.96666550	0.21795632	0.00038208
213.5000	19.96651530	0.21788479	0.00038195
213.7500	19.96811747	0.21791161	0.00038193
214.0000	19.96841073	0.21791877	0.00038220
214.2500	19.96852517	0.21790267	0.00038181
214.5000	19.96780276	0.21792771	0.00038204
214.7500	19.96848941	0.21788479	0.00038198
215.0000	19.96878266	0.21788658	0.00038195
215.2500	19.96914744	0.21796168	0.00038209
215.5000	19.96875405	0.21790267	0.00038188
215.7500	19.96939778	0.21790089	0.00038199
216.0000	19.96934056	0.21796347	0.00038197
216.2500	19.96829629	0.21800102	0.00038182
216.5000	19.96846080	0.21795632	0.00038170
216.7500	19.97018456	0.21790804	0.00038183
217.0000	19.97171521	0.21788837	0.00038169
217.2500	19.97230887	0.21797241	0.00038197
217.5000	19.97226596	0.21796347	0.00038181
217.7500	19.97294545	0.21791698	0.00038165
218.0000	19.97301698	0.21801175	0.00038181
218.2500	19.97342467	0.21796168	0.00038159
218.5000	19.97343898	0.21799923	0.00038166
218.7500	19.97386098	0.21798314	0.00038138
219.0000	19.97425437	0.21809043	0.00038150
219.2500	19.97437596	0.21800460	0.00038159
219.5000	19.97470498	0.21805288	0.00038134
219.7500	19.97496962	0.21802248	0.00038131
220.0000	19.97496247	0.21800102	0.00038145
220.2500	19.97501254	0.21801711	0.00038169
220.5000	19.97504115	0.21797599	0.00038167
220.7500	19.97524142	0.21792592	0.00038157
221.0000	19.97507691	0.21804751	0.00038154
221.2500	19.97558474	0.21795453	0.00038135
221.5000	19.97579932	0.21798850	0.00038148
221.7500	19.97624993	0.21803321	0.00038147
222.0000	19.97650027	0.21798672	0.00038157
222.2500	19.97655749	0.21799208	0.00038154
222.5000	19.97696519	0.21800281	0.00038147
222.7500	19.97736573	0.21796705	0.00038141
223.0000	19.97735143	0.21797599	0.00038152
223.2500	19.97733712	0.21797241	0.00038145
223.5000	19.97763038	0.21794022	0.00038126
223.7500	19.97729421	0.21797062	0.00038131
224.0000	19.97720837	0.21802784	0.00038159
224.2500	19.97683644	0.21797599	0.00038141
224.5000	19.97740865	0.21806897	0.00038012
224.7500	19.97710824	0.21797241	0.00038091
225.0000	19.97670054	0.21789194	0.00038142
225.2500	19.97610688	0.21798135	0.00038140
225.5000	19.97617125	0.21800281	0.00038142
225.7500	19.97576356	0.21799923	0.00038115
226.0000	19.97530579	0.21801711	0.00038107
226.2500	19.97801661	0.21799029	0.00038107
226.5000	19.97897506	0.21799744	0.00038132
226.7500	19.97880339	0.21799744	0.00038126
227.0000	19.97981191	0.21799744	0.00038125
227.2500	19.98029828	0.21802248	0.00038118
227.5000	19.98030543	0.21809758	0.00038102
227.7500	19.98059153	0.21801890	0.00038111
228.0000	19.98066306	0.21806003	0.00038128
228.2500	19.98115659	0.21813513	0.00038112
228.5000	19.98144984	0.21806361	0.00038110
228.7500	19.98129249	0.21801354	0.00038115
229.0000	19.98165011	0.21811904	0.00038118
229.2500	19.98173594	0.21806539	0.00038096
229.5000	19.98198628	0.21803500	0.00038104
229.7500	19.98217225	0.21792950	0.00038102
230.0000	19.98226523	0.21812977	0.00038091
230.2500	19.98267293	0.21809400	0.00038097
230.5000	19.98260856	0.21800460	0.00038084
230.7500	19.98294473	0.21801175	0.00038103
231.0000	19.98295903	0.21810116	0.00038090
231.2500	19.98296618	0.21806361	0.00038085
231.5000	19.98329520	0.21805467	0.00038095
231.7500	19.98318791	0.21804751	0.00038071
232.0000	19.98373151	0.21813334	0.00038089
232.2500	19.98378158	0.21808685	0.00038065
232.5000	19.98368144	0.21804215	0.00038066
232.7500	19.98382449	0.21800996	0.00038085
233.0000	19.98401761	0.21804036	0.00038081
233.2500	19.98428941	0.21808864	0.00038078
233.5000	19.98446107	0.21807433	0.00038058
233.7500	19.98376727	0.21806539	0.00038053
234.0000	19.98368144	0.21800639	0.00038057
234.2500	19.98426795	0.21812261	0.00038063
234.5000	19.98350978	0.21805288	0.00038077
234.7500	19.98390317	0.21809758	0.00038071
235.0000	19.98429656	0.21805645	0.00038065
235.2500	19.98461842	0.21801711	0.00038045
235.5000	19.98431802	0.21808506	0.00038061
235.7500	19.98484731	0.21804215	0.00038023
236.0000	19.98503327	0.21812083	0.00038041
236.2500	19.98558402	0.21815301	0.00038051
236.5000	19.98541236	0.21809400	0.00038058
236.7500	19.98546243	0.21805109	0.00038047
237.0000	19.98493314	0.21808328	0.00038053
237.2500	19.98489737	0.21814765	0.00038061
237.5000	19.98350978	0.21804036	0.00038049
237.7500	19.98568416	0.21809758	0.00038030
238.0000	19.98567700	0.21814407	0.00038053
238.2500	19.98581290	0.21805109	0.00038021
238.5000	19.98603463	0.21802605	0.00038046
238.7500	19.98623490	0.21812619	0.00038025
239.0000	19.98684287	0.21806539	0.00038029
239.2500	19.98672128	0.21814050	0.00038039
239.5000	19.98695731	0.21813156	0.00038025
239.7500	19.98727202	0.21807791	0.00038029
240.0000	19.98672128	0.21808506	0.00038026
240.2500	19.98552680	0.21809043	0.00038023
240.5000	19.98642087	0.21815301	0.00038014
240.7500	19.98556256	0.21816911	0.00038025
241.0000	19.98597741	0.21807612	0.00037993
241.2500	19.98786569	0.21805288	0.00038013
241.5000	19.98873830	0.21804036	0.00037998
241.7500	19.98947501	0.21811546	0.00038011
242.0000	19.98890996	0.21820487	0.00037988
242.2500	19.98926043	0.21802248	0.00038018
242.5000	19.98950362	0.21812619	0.00038007
242.7500	19.99009728	0.21817805	0.00038022
243.0000	19.99014020	0.21808685	0.00038012
243.2500	19.99081254	0.21814050	0.00037987
243.5000	19.99154210	0.21826030	0.00038015
243.7500	19.99123454	0.21814050	0.00038001
244.0000	19.99199986	0.21816911	0.00037996
244.2500	19.99164224	0.21810116	0.00037984
244.5000	19.99204278	0.21821381	0.00037988
244.7500	19.99195695	0.21818878	0.00037982
245.0000	19.99208569	0.21820845	0.00037989
245.2500	19.99287963	0.21817805	0.00037985
245.5000	19.99278665	0.21816732	0.00037983
245.7500	19.99257922	0.21820487	0.00037998
246.0000	19.99263644	0.21815838	0.00037984
246.2500	19.99312282	0.21820845	0.00037993
246.5000	19.99267936	0.21821023	0.00037953
246.7500	19.99293685	0.21808685	0.00037973
247.0000	19.99332309	0.21810831	0.00037978
247.2500	19.99350190	0.21816553	0.00037966
247.5000	19.99383092	0.21822811	0.00037959
247.7500	19.99360204	0.21813334	0.00037958
248.0000	19.99333739	0.21812619	0.00037960
248.2500	19.99390244	0.21819056	0.00037969
248.5000	19.99378085	0.21813513	0.00037964
248.7500	19.99444604	0.21817268	0.00037973
249.0000	19.99452472	0.21825136	0.00037969
249.2500	19.99523282	0.21822275	0.00037966
249.5000	19.99521852	0.21815659	0.00037948
249.7500	19.99529004	0.21817626	0.00037977
250.0000	19.99527574	0.21823348	0.00037972
250.2500	19.99606252	0.21823169	0.00037954
250.5000	19.99667048	0.21820129	0.00037950
250.7500	19.99658465	0.21821560	0.00037935
251.0000	19.99690652	0.21813692	0.00037962
251.2500	19.99692798	0.21815838	0.00037930
251.5000	19.99707818	0.21819772	0.00037968
251.7500	19.99737859	0.21816911	0.00037954
252.0000	19.99722838	0.21817805	0.00037943
252.2500	19.99767899	0.21821381	0.00037936
252.5000	19.99770045	0.21817805	0.00037986
252.7500	19.99733567	0.21822811	0.00037971
253.0000	19.99724269	0.21821381	0.00037935
253.2500	19.99741435	0.21818699	0.00037951
253.5000	19.99676347	0.21819772	0.00037928
253.7500	19.99647021	0.21824421	0.00037912
254.0000	19.99671340	0.21826030	0.00037915
254.2500	19.99694228	0.21817983	0.00037952
254.5000	19.99717832	0.21816553	0.00037948
254.7500	19.99759316	0.21820308	0.00037934
255.0000	19.99832273	0.21825851	0.00037926
255.2500	19.99842286	0.21821381	0.00037916
255.5000	19.99840856	0.21819056	0.00037926
255.7500	19.99841571	0.21828355	0.00037947
256.0000	19.99817967	0.21821381	0.00037892
256.2500	19.99642730	0.21820129	0.00037888
256.5000	19.99728560	0.21820845	0.00037875
256.7500	19.99717116	0.21823884	0.00037888
257.0000	19.99682069	0.21824242	0.00037934
257.2500	19.99596238	0.21827818	0.00037890
257.5000	19.99557614	0.21819056	0.00037875
257.7500	19.99689937	0.21813156	0.00037868
258.0000	19.99654174	0.21822811	0.00037884
258.2500	19.99507546	0.21821023	0.00037916
258.5000	19.99662757	0.21823169	0.00037909
258.7500	19.99712110	0.21817805	0.00037911
259.0000	19.99896646	0.21825315	0.00037915
259.2500	19.99848723	0.21821739	0.00037899
259.5000	19.99863744	0.21824242	0.00037900
259.7500	19.99894500	0.21821917	0.00037902
260.0000	19.99990344	0.21823169	0.00037887
260.2500	19.99969602	0.21826745	0.00037890
260.5000	19.99986768	0.21823527	0.00037877
260.7500	20.00006795	0.21821023	0.00037904
261.0000	19.99988914	0.21820487	0.00037896
261.2500	19.99975324	0.21818878	0.00037890
261.5000	19.99973893	0.21822990	0.00037870
261.7500	20.00019670	0.21827639	0.00037871
262.0000	20.00074744	0.21825851	0.00037872
262.2500	20.00096917	0.21818520	0.00037874
262.5000	20.00031114	0.21822811	0.00037872
262.7500	19.99962449	0.21826030	0.00037875
263.0000	20.00007510	0.21826209	0.00037850
263.2500	20.00026822	0.21813156	0.00037876
263.5000	19.99976754	0.21829964	0.00037872
263.7500	19.99935985	0.21817268	0.00037871
264.0000	19.99785781	0.21823884	0.00037858
264.2500	19.99798655	0.21821560	0.00037839
264.5000	19.99832988	0.21816732	0.00037863
264.7500	19.99835849	0.21822096	0.00037860
265.0000	19.99894500	0.21823527	0.00037855
265.2500	20.00006795	0.21823348	0.00037844
265.5000	20.00008941	0.21825136	0.00037845
265.7500	19.99745727	0.21818699	0.00037871
266.0000	19.99699950	0.21817983	0.00037859
266.2500	19.99683499	0.21823169	0.00037880
266.5000	19.99797225	0.21814765	0.00037857
266.7500	19.99810100	0.21818520	0.00037865
267.0000	19.99750733	0.21824421	0.00037850
267.2500	19.99722838	0.21824063	0.00037833
267.5000	19.99621272	0.21817089	0.00037843
267.7500	19.99650598	0.21811904	0.00037833
268.0000	19.99702811	0.21820845	0.00037856
268.2500	19.99693513	0.21821202	0.00037844
268.5000	19.99637723	0.21820845	0.00037829
268.7500	19.99706388	0.21819950	0.00037834
269.0000	19.99724984	0.21820129	0.00037839
269.2500	19.99710679	0.21819235	0.00037822
269.5000	19.99820113	0.21822990	0.00037817
269.7500	19.99919534	0.21826209	0.00037810
270.0000	19.99889493	0.21815301	0.00037839
270.2500	19.99752879	0.21820308	0.00037831
270.5000	19.99866605	0.21816195	0.00037835
270.7500	19.99750733	0.21819235	0.00037797
271.0000	19.99822974	0.21813334	0.00037834
271.2500	19.99820113	0.21820487	0.00037814
271.5000	19.99821544	0.21816911	0.00037818
271.7500	19.99825120	0.21822811	0.00037814
272.0000	19.99860883	0.21824063	0.00037821
272.2500	19.99832988	0.21828355	0.00037823
272.5000	19.99857306	0.21817983	0.00037826
272.7500	19.99873042	0.21822811	0.00037802
273.0000	19.99643445	0.21815480	0.00037806
273.2500	19.99830842	0.21825315	0.00037824
273.5000	19.99815106	0.21824600	0.00037801
273.7500	19.99846578	0.21827103	0.00037798
274.0000	19.99819398	0.21824063	0.00037795
274.2500	19.99930263	0.21818520	0.00037813
274.5000	19.99976039	0.21825494	0.00037801
274.7500	19.99917388	0.21823527	0.00037808
275.0000	19.99903798	0.21827103	0.00037788
275.2500	19.99831557	0.21817089	0.00037816
275.5000	19.99840140	0.21814586	0.00037789
275.7500	19.99835849	0.21819593	0.00037789
276.0000	19.99852300	0.21824421	0.00037789
276.2500	19.99821544	0.21822633	0.00037780
276.5000	19.99780774	0.21822275	0.00037790
276.7500	19.99746442	0.21816374	0.00037770
277.0000	19.99303698	0.21818878	0.00037782
277.2500	19.99325871	0.21821917	0.00037791
277.5000	19.99336600	0.21806897	0.00037800
277.7500	19.99338746	0.21816732	0.00037784
278.0000	20.00815749	0.21834613	0.00037775
278.2500	20.00935197	0.21834434	0.00037773
278.5000	20.01011014	0.21839441	0.00037753
278.7500	20.00995278	0.21828891	0.00037771
279.0000	20.01055360	0.21828176	0.00037764
279.2500	20.01096129	0.21836580	0.00037770
279.5000	20.01142621	0.21831573	0.00037750
279.7500	20.01139760	0.21834077	0.00037776
280.0000	20.01149058	0.21833183	0.00037765
280.2500	20.01206994	0.21844984	0.00037771
280.5000	20.01150489	0.21832467	0.00037758
280.7500	20.01219153	0.21828534	0.00037766
281.0000	20.01244903	0.21829070	0.00037748
281.2500	20.01235604	0.21836223	0.00037768
281.5000	20.01214862	0.21833004	0.00037749
281.7500	20.01234889	0.21833361	0.00037756
282.0000	20.01232743	0.21842481	0.00037767
282.2500	20.01254201	0.21835507	0.00037737
282.5000	20.01173377	0.21835150	0.00037733
282.7500	20.01290679	0.21831931	0.00037730
283.0000	20.01253486	0.21839084	0.00037747
283.2500	20.01286388	0.21835865	0.00037752
283.5000	20.01325727	0.21836580	0.00037741
283.7500	20.01355767	0.21839799	0.00037751
284.0000	20.01312137	0.21833361	0.00037754
284.2500	20.01287103	0.21834077	0.00037734
284.5000	20.01314282	0.21836759	0.00037740
284.7500	20.01206279	0.21827639	0.00037723
285.0000	20.01129031	0.21836044	0.00037723
285.2500	20.01140475	0.21838368	0.00037736
285.5000	20.01142621	0.21832289	0.00037718
285.7500	20.01072526	0.21829070	0.00037713
286.0000	20.01043916	0.21837832	0.00037720
286.2500	20.00899434	0.21831931	0.00037729
286.5000	20.00652671	0.21830858	0.00037727
286.7500	20.00768542	0.21833540	0.00037728
287.0000	20.00952363	0.21840872	0.00037722
287.2500	20.01043916	0.21829249	0.00037717
287.5000	20.00898719	0.21831931	0.00037712
287.7500	20.01152635	0.21840335	0.00037709
288.0000	20.01211286	0.21833361	0.00037703
288.2500	20.01205564	0.21835686	0.00037711
288.5000	20.01239181	0.21834613	0.00037717
288.7500	20.01282811	0.21831573	0.00037720
289.0000	20.01278520	0.21834792	0.00037717
289.2500	20.01321435	0.21842839	0.00037689
289.5000	20.01286388	0.21838368	0.00037688
289.7500	20.01265645	0.21839978	0.00037699
290.0000	20.01268506	0.21833004	0.00037695
290.2500	20.01281381	0.21834792	0.00037696
290.5000	20.01300693	0.21838726	0.00037707
290.7500	20.01339316	0.21832646	0.00037683
291.0000	20.01339316	0.21838368	0.00037682
291.2500	20.01415134	0.21844269	0.00037685
291.5000	20.01420856	0.21842123	0.00037683
291.7500	20.01432300	0.21841408	0.00037690
292.0000	20.01444459	0.21841587	0.00037691
292.2500	20.01446605	0.21843196	0.00037676
292.5000	20.01433015	0.21842302	0.00037679
292.7500	20.01453757	0.21837653	0.00037688
293.0000	20.01400828	0.21834613	0.00037678
293.2500	20.01401544	0.21840693	0.00037674
293.5000	20.01308560	0.21828355	0.00037687
293.7500	20.01347900	0.21842481	0.00037665
294.0000	20.01259208	0.21841945	0.00037660
294.2500	20.01312852	0.21839978	0.00037664
294.5000	20.01411557	0.21836759	0.00037665
294.7500	20.01595378	0.21836044	0.00037672
295.0000	20.01593232	0.21839978	0.00037661
295.2500	20.01691222	0.21835865	0.00037669
295.5000	20.01724839	0.21849276	0.00037666
295.7500	20.01792073	0.21840693	0.00037681
296.0000	20.01804948	0.21844984	0.00037679
296.2500	20.01835704	0.21839084	0.00037659
296.5000	20.01828551	0.21842481	0.00037669
296.7500	20.01837134	0.21841766	0.00037658
297.0000	20.01839280	0.21842660	0.00037644
297.2500	20.01892924	0.21836938	0.00037637
297.5000	20.01861453	0.21836401	0.00037631
297.7500	20.01900792	0.21840156	0.00037652
298.0000	20.01900077	0.21847845	0.00037626
298.2500	20.01930833	0.21843375	0.00037633
298.5000	20.01919389	0.21841408	0.00037657
298.7500	20.01882911	0.21848739	0.00037643
299.0000	20.01902223	0.21842123	0.00037639
299.2500	20.01901507	0.21839978	0.00037647
299.5000	20.02069593	0.21834971	0.00037647
299.7500	20.02115369	0.21838905	0.00037672
300.0000	20.02108932	0.21840514	0.00037619
300.2500	20.02118945	0.21846415	0.00037616
300.5000	20.02138257	0.21849276	0.00037628
300.7500	20.02088905	0.21844090	0.00037613
301.0000	20.02083182	0.21834613	0.00037635
301.2500	20.02071738	0.21846415	0.00037629
301.5000	20.02079606	0.21843554	0.00037632
301.7500	20.02107501	0.21849455	0.00037617
302.0000	20.02122522	0.21843912	0.00037589
302.2500	20.02086759	0.21848203	0.00037620
302.5000	20.02114654	0.21846951	0.00037603
302.7500	20.02093196	0.21841587	0.00037621
303.0000	20.02133250	0.21844984	0.00037605
303.2500	20.02131105	0.21835686	0.00037609
303.5000	20.02068877	0.21847845	0.00037604
303.7500	20.02051711	0.21843912	0.00037619
304.0000	20.02029538	0.21843554	0.00037613
304.2500	20.02049565	0.21838726	0.00037611
304.5000	20.02058864	0.21846773	0.00037606
304.7500	20.02090335	0.21851422	0.00037599
305.0000	20.02073884	0.21844090	0.00037602
305.2500	20.02070308	0.21849097	0.00037601
305.5000	20.02049565	0.21836759	0.00037611
305.7500	20.02041698	0.21839084	0.00037614
306.0000	20.02000213	0.21843554	0.00037592
306.2500	20.01980186	0.21847667	0.00037602
306.5000	20.01923680	0.21845163	0.00037603
306.7500	20.01868606	0.21841050	0.00037607
307.0000	20.01950145	0.21837117	0.00037583
307.2500	20.02123237	0.21843196	0.00037584
307.5000	20.02118945	0.21840872	0.00037596
307.7500	20.02132535	0.21848739	0.00037594
308.0000	20.02115369	0.21838726	0.00037574
308.2500	20.02121806	0.21837832	0.00037588
308.5000	20.02164722	0.21848382	0.00037584
308.7500	20.02145410	0.21843733	0.00037579
309.0000	20.02139688	0.21851779	0.00037574
309.2500	20.02116799	0.21843554	0.00037559
309.5000	20.02048135	0.21845878	0.00037575
309.7500	20.02082467	0.21845163	0.00037571
310.0000	20.02061010	0.21846415	0.00037570
310.2500	20.02146125	0.21843196	0.00037558
310.5000	20.02153993	0.21846236	0.00037579
310.7500	20.02229810	0.21846773	0.00037559
311.0000	20.02113223	0.21849812	0.00037586
311.2500	20.02240539	0.21843912	0.00037554
311.5000	20.02299905	0.21843554	0.00037543
311.7500	20.02269864	0.21844806	0.00037566
312.0000	20.02224803	0.21846594	0.00037546
312.2500	20.02041698	0.21841050	0.00037554
312.5000	20.02262712	0.21841050	0.00037559
312.7500	20.02221227	0.21845521	0.00037550
313.0000	20.02132535	0.21840156	0.00037552
313.2500	20.02433658	0.21851779	0.00037546
313.5000	20.02464414	0.21852495	0.00037536
313.7500	20.02410770	0.21847667	0.00037552
314.0000	20.02312780	0.21844269	0.00037535
314.2500	20.02218366	0.21840693	0.00037547
314.5000	20.02425790	0.21846415	0.00037533
314.7500	20.02436519	0.21841945	0.00037535
315.0000	20.02297044	0.21844090	0.00037540
315.2500	20.02484441	0.21847130	0.00037523
315.5000	20.02606034	0.21851243	0.00037527
315.7500	20.02724767	0.21848918	0.00037526
316.0000	20.02704024	0.21854998	0.00037519
316.2500	20.02701879	0.21850885	0.00037519
316.5000	20.02681136	0.21852673	0.00037535
316.7500	20.02596736	0.21851958	0.00037529
317.0000	20.02419353	0.21853031	0.00037523
317.2500	20.02711177	0.21851958	0.00037520
317.5000	20.02793431	0.21850349	0.00037521
317.7500	20.02815604	0.21854640	0.00037534
318.0000	20.02839208	0.21848203	0.00037520
318.2500	20.02866388	0.21851958	0.00037521
318.5000	20.02875686	0.21848739	0.00037510
318.7500	20.02876401	0.21852852	0.00037522
319.0000	20.02905727	0.21853746	0.00037512
319.2500	20.02868533	0.21843912	0.00037511
319.5000	20.02891421	0.21857859	0.00037517
319.7500	20.02880693	0.21849812	0.00037500
320.0000	20.02962947	0.21854640	0.00037499
320.2500	20.02912879	0.21846951	0.00037501
320.5000	20.02928615	0.21845700	0.00037494
320.7500	20.02917886	0.21850170	0.00037500
321.0000	20.02920032	0.21853746	0.00037493
321.2500	20.02902150	0.21846594	0.00037513
321.5000	20.02833486	0.21851601	0.00037499
321.7500	20.02824903	0.21858932	0.00037523
322.0000	20.02825618	0.21845163	0.00037497
322.2500	20.02528787	0.21845878	0.00037481
322.5000	20.02641082	0.21847845	0.00037481
322.7500	20.02667546	0.21847845	0.00037495
323.0000	20.02812743	0.21843196	0.00037481
323.2500	20.02734780	0.21854640	0.00037465
323.5000	20.02919316	0.21853031	0.00037475
323.7500	20.02957225	0.21857144	0.00037473
324.0000	20.02952218	0.21853031	0.00037466
324.2500	20.02932906	0.21851779	0.00037469
324.5000	20.02969384	0.21847845	0.00037489
324.7500	20.02931476	0.21848024	0.00037481
325.0000	20.02862811	0.21849097	0.00037480
325.2500	20.02739787	0.21856965	0.00037460
325.5000	20.02892137	0.21856965	0.00037466
325.7500	20.03056646	0.21844806	0.00037454
326.0000	20.03098846	0.21848918	0.00037465
326.2500	20.03140331	0.21853567	0.00037466
326.5000	20.03136039	0.21853925	0.00037466
326.7500	20.03121734	0.21866084	0.00037475
327.0000	20.03104568	0.21850706	0.00037470
327.2500	20.03175378	0.21855713	0.00037464
327.5000	20.03161073	0.21854998	0.00037467
327.7500	20.03117442	0.21861793	0.00037484
328.0000	20.03143192	0.21852495	0.00037448
328.2500	20.03151775	0.21849276	0.00037459
328.5000	20.03162503	0.21853925	0.00037443
328.7500	20.03140331	0.21852673	0.00037436
329.0000	20.03158927	0.21856786	0.00037439
329.2500	20.03150344	0.21855713	0.00037448
329.5000	20.03143192	0.21856965	0.00037450
329.7500	20.03140331	0.21854819	0.00037444
330.0000	20.03163219	0.21857680	0.00037451
330.2500	20.03002286	0.21856428	0.00037450
330.5000	20.02894998	0.21852673	0.00037433
330.7500	20.02872110	0.21848739	0.00037442
331.0000	20.03039479	0.21857859	0.00037434
331.2500	20.03015161	0.21855356	0.00037432
331.5000	20.03176093	0.21848024	0.00037423
331.7500	20.03187537	0.21851064	0.00037416
332.0000	20.03115297	0.21856250	0.00037437
332.2500	20.03126741	0.21856250	0.00037421
332.5000	20.03190398	0.21853746	0.00037428
332.7500	20.03214717	0.21854998	0.00037429
333.0000	20.03183246	0.21853925	0.00037423
333.2500	20.03215432	0.21854104	0.00037415
333.5000	20.03166795	0.21847488	0.00037418
333.7500	20.03179670	0.21857859	0.00037419
334.0000	20.03221154	0.21855356	0.00037417
334.2500	20.03254056	0.21859111	0.00037424
334.5000	20.03255487	0.21860720	0.00037416
334.7500	20.03224731	0.21850885	0.00037392
335.0000	20.03161788	0.21853210	0.00037403
335.2500	20.02850652	0.21853389	0.00037389
335.5000	20.03016591	0.21853746	0.00037411
335.7500	20.03030896	0.21852673	0.00037409
336.0000	20.02754092	0.21852495	0.00037394
336.2500	20.03090263	0.21862508	0.00037406
336.5000	20.03089547	0.21845342	0.00037402
336.7500	20.03228307	0.21854462	0.00037425
337.0000	20.03095985	0.21859111	0.00037407
337.2500	20.03225446	0.21857501	0.00037403
337.5000	20.03254771	0.21855713	0.00037389
337.7500	20.03307700	0.21854104	0.00037377
338.0000	20.03306985	0.21858038	0.00037390
338.2500	20.03305555	0.21855534	0.00037388
338.5000	20.03290534	0.21855713	0.00037388
338.7500	20.03224731	0.21855534	0.00037375
339.0000	20.03279090	0.21856428	0.00037391
339.2500	20.03321290	0.21853210	0.00037380
339.5000	20.03397823	0.21852495	0.00037372
339.7500	20.03376365	0.21853925	0.00037386
340.0000	20.03382087	0.21858574	0.00037371
340.2500	20.03376365	0.21859826	0.00037365
340.5000	20.03375650	0.21856428	0.00037358
340.7500	20.03417850	0.21861256	0.00037378
341.0000	20.03409267	0.21868767	0.00037356
341.2500	20.03354192	0.21856250	0.00037356
341.5000	20.03378511	0.21856786	0.00037348
341.7500	20.03362775	0.21868230	0.00037346
342.0000	20.03393531	0.21854283	0.00037356
342.2500	20.03419280	0.21857859	0.00037348
342.5000	20.03446460	0.21853031	0.00037360
342.7500	20.03465772	0.21861972	0.00037370
343.0000	20.03436446	0.21854998	0.00037359
343.2500	20.03296256	0.21858217	0.00037348
343.5000	20.03362060	0.21855356	0.00037371
343.7500	20.03327728	0.21851422	0.00037346
344.0000	20.03231168	0.21854998	0.00037353
344.2500	20.03399253	0.21847667	0.00037360
344.5000	20.03380656	0.21852852	0.00037348
344.7500	20.03308416	0.21858932	0.00037345
345.0000	20.03306985	0.21865012	0.00037343
345.2500	20.03306985	0.21856965	0.00037344
345.5000	20.03231168	0.21852137	0.00037342
345.7500	20.03308416	0.21855177	0.00037335
346.0000	20.03158927	0.21859647	0.00037346
346.2500	20.03294110	0.21848203	0.00037318
346.5000	20.03220439	0.21850885	0.00037344
346.7500	20.02715469	0.21851243	0.00037335
347.0000	20.02650380	0.21849276	0.00037344
347.2500	20.02729058	0.21845878	0.00037320
347.5000	20.02758384	0.21844984	0.00037339
347.7500	20.02935767	0.21851422	0.00037332
348.0000	20.03057361	0.21851422	0.00037343
348.2500	20.03070951	0.21856071	0.00037313
348.5000	20.03149629	0.21855177	0.00037319
348.7500	20.03108144	0.21850349	0.00037322
349.0000	20.03311992	0.21858753	0.00037305
349.2500	20.03369928	0.21859290	0.00037327
349.5000	20.03320575	0.21860899	0.00037322
349.7500	20.03348470	0.21854462	0.00037338
350.0000	20.03425718	0.21861793	0.00037320
350.2500	20.03407836	0.21852673	0.00037301
350.5000	20.03306270	0.21852673	0.00037299
350.7500	20.03357053	0.21855713	0.00037299
351.0000	20.03435731	0.21865548	0.00037295
351.2500	20.03495097	0.21861614	0.00037299
351.5000	20.03281951	0.21850706	0.00037297
351.7500	20.03521562	0.21859468	0.00037298
352.0000	20.03505111	0.21845878	0.00037301
352.2500	20.03503680	0.21857501	0.00037295
352.5000	20.03484369	0.21855892	0.00037278
352.7500	20.03503680	0.21856965	0.00037310
353.0000	20.03530145	0.21853031	0.00037288
353.2500	20.03460765	0.21858038	0.00037296
353.5000	20.03663898	0.21866442	0.00037289
353.7500	20.03716827	0.21857859	0.00037296
354.0000	20.03759742	0.21860184	0.00037289
354.2500	20.03740430	0.21854998	0.00037289
354.5000	20.03776908	0.21860005	0.00037272
354.7500	20.03729701	0.21863223	0.00037262
355.0000	20.03661037	0.21863581	0.00037288
355.2500	20.03639579	0.21854819	0.00037277
355.5000	20.03742576	0.21855713	0.00037289
355.7500	20.03811240	0.21859647	0.00037295
356.0000	20.03625274	0.21850885	0.00037285
356.2500	20.03746152	0.21861793	0.00037269
356.5000	20.03756166	0.21860362	0.00037266
356.7500	20.03824830	0.21864654	0.00037270
357.0000	20.03775478	0.21863581	0.00037266
357.2500	20.03819823	0.21863760	0.00037254
357.5000	20.03815532	0.21859647	0.00037247
357.7500	20.03882051	0.21871449	0.00037254
358.0000	20.03932834	0.21857323	0.00037250
358.2500	20.03805518	0.21858574	0.00037263
358.5000	20.03936410	0.21863939	0.00037251
358.7500	20.03968597	0.21857501	0.00037262
359.0000	20.03932834	0.21862329	0.00037256
359.2500	20.03911376	0.21855356	0.00037257
359.5000	20.03885627	0.21858217	0.00037247
359.7500	20.04012227	0.21859111	0.00037229
360.0000	20.04115939	0.21865190	0.00037234
360.2500	20.04108787	0.21850349	0.00037258
360.5000	20.04120231	0.21862508	0.00037249
360.7500	20.04071594	0.21867157	0.00037245
361.0000	20.04081607	0.21864654	0.00037234
361.2500	20.04040838	0.21865190	0.00037237
361.5000	20.04143834	0.21861972	0.00037241
361.7500	20.04163146	0.21859290	0.00037232
362.0000	20.04173160	0.21864833	0.00037234
362.2500	20.04226089	0.21862151	0.00037232
362.5000	20.04173160	0.21861435	0.00037240
362.7500	20.04181743	0.21865190	0.00037228
363.0000	20.04179597	0.21863939	0.00037246
363.2500	20.04229665	0.21867515	0.00037229
363.5000	20.04301906	0.21864475	0.00037233
363.7500	20.04293323	0.21866263	0.00037239
364.0000	20.04263997	0.21865727	0.00037230
364.2500	20.04256845	0.21862151	0.00037222
364.5000	20.04248977	0.21864296	0.00037212
364.7500	20.04241824	0.21860541	0.00037225
365.0000	20.04263282	0.21863402	0.00037223
365.2500	20.04352689	0.21870018	0.00037236
365.5000	20.04351974	0.21862329	0.00037228
365.7500	20.04382730	0.21865727	0.00037207
366.0000	20.04372001	0.21859111	0.00037205
366.2500	20.04396320	0.21866621	0.00037206
366.5000	20.04387737	0.21861256	0.00037199
366.7500	20.04414916	0.21868945	0.00037211
367.0000	20.04429937	0.21873773	0.00037226
367.2500	20.04437089	0.21864296	0.00037219
367.5000	20.04442096	0.21866979	0.00037201
367.7500	20.04464269	0.21861614	0.00037194
368.0000	20.04422069	0.21863581	0.00037187
368.2500	20.04399181	0.21860362	0.00037185
368.5000	20.04483581	0.21863402	0.00037194
368.7500	20.04485727	0.21872522	0.00037180
369.0000	20.04488588	0.21872879	0.00037176
369.2500	20.04487157	0.21865190	0.00037193
369.5000	20.04488588	0.21868409	0.00037188
369.7500	20.04515767	0.21868409	0.00037183
370.0000	20.04504323	0.21864475	0.00037167
370.2500	20.04491449	0.21864833	0.00037169
370.5000	20.04508615	0.21860184	0.00037212
370.7500	20.04530788	0.21865369	0.00037174
371.0000	20.04543662	0.21870734	0.00037183
371.2500	20.04541517	0.21872343	0.00037171
371.5000	20.04620195	0.21866084	0.00037172
371.7500	20.04613757	0.21870018	0.00037160
372.0000	20.04675985	0.21865012	0.00037167
372.2500	20.04668832	0.21864833	0.00037161
372.5000	20.04673124	0.21870734	0.00037159
372.7500	20.04687429	0.21866621	0.00037178
373.0000	20.04681707	0.21866084	0.00037184
373.2500	20.04664541	0.21868409	0.00037163
373.5000	20.04683137	0.21871091	0.00037159
373.7500	20.04726053	0.21866979	0.00037165
374.0000	20.04728198	0.21874846	0.00037146
374.2500	20.04733920	0.21864296	0.00037151
374.5000	20.04740358	0.21870197	0.00037153
374.7500	20.04747510	0.21871091	0.00037141
375.0000	20.04780412	0.21866084	0.00037136
375.2500	20.04752517	0.21867873	0.00037165
375.5000	20.04750371	0.21874489	0.00037139
375.7500	20.04753232	0.21865190	0.00037136
376.0000	20.04734636	0.21866800	0.00037139
376.2500	20.04740358	0.21861078	0.00037149
376.5000	20.04749656	0.21866084	0.00037135
376.7500	20.04679561	0.21876277	0.00037128
377.0000	20.04696012	0.21864296	0.00037134
377.2500	20.04663825	0.21862329	0.00037142
377.5000	20.04675985	0.21863045	0.00037140
377.7500	20.04678130	0.21866800	0.00037145
378.0000	20.04702449	0.21874489	0.00037128
378.2500	20.04799724	0.21870734	0.00037127
378.5000	20.04819036	0.21865190	0.00037136
378.7500	20.04834056	0.21873952	0.00037132
379.0000	20.04851938	0.21877529	0.00037104
379.2500	20.04833341	0.21872701	0.00037136
379.5000	20.04809737	0.21865727	0.00037117
379.7500	20.04831910	0.21872701	0.00037122
380.0000	20.04810453	0.21871449	0.00037134
380.2500	20.04791856	0.21872701	0.00037123
380.5000	20.04834056	0.21875204	0.00037140
380.7500	20.04831195	0.21867515	0.00037114
381.0000	20.04880548	0.21870376	0.00037111
381.2500	20.04883409	0.21876098	0.00037118
381.5000	20.04805446	0.21866442	0.00037110
381.7500	20.04823327	0.21869661	0.00037110
382.0000	20.04801154	0.21868230	0.00037111
382.2500	20.04836202	0.21863402	0.00037095
382.5000	20.04845500	0.21868230	0.00037113
382.7500	20.04871965	0.21869303	0.00037104
383.0000	20.04886985	0.21861435	0.00037107
383.2500	20.04866243	0.21871806	0.00037094
383.5000	20.04919887	0.21866800	0.00037099
383.7500	20.04981399	0.21877707	0.00037103
384.0000	20.04953504	0.21880032	0.00037097
384.2500	20.04971385	0.21875204	0.00037086
384.5000	20.04954219	0.21875025	0.00037091
384.7500	20.04974246	0.21871270	0.00037087
385.0000	20.05003572	0.21868945	0.00037082
385.2500	20.05033613	0.21872701	0.00037090
385.5000	20.05061508	0.21879138	0.00037089
385.7500	20.05070806	0.21872701	0.00037083
386.0000	20.05077958	0.21872522	0.00037079
386.2500	20.05118013	0.21869482	0.00037099
386.5000	20.05099416	0.21867515	0.00037089
386.7500	20.05106569	0.21876098	0.00037055
387.0000	20.05125165	0.21873058	0.00037062
387.2500	20.05134464	0.21874310	0.00037063
387.5000	20.05143047	0.21870197	0.00037059
387.7500	20.05126596	0.21871628	0.00037067
388.0000	20.05151630	0.21870734	0.00037074
388.2500	20.05195976	0.21871091	0.00037063
388.5000	20.05174518	0.21872522	0.00037062
388.7500	20.05213142	0.21874668	0.00037055
389.0000	20.05149484	0.21865548	0.00037062
389.2500	20.05136609	0.21875740	0.00037076
389.5000	20.05137325	0.21877350	0.00037059
389.7500	20.05043626	0.21871270	0.00037043
390.0000	20.05037189	0.21873595	0.00037064
390.2500	20.05102992	0.21873416	0.00037047
390.5000	20.05119443	0.21874668	0.00037047
390.7500	20.05150914	0.21873773	0.00037052
391.0000	20.05212426	0.21871091	0.00037041
391.2500	20.05183816	0.21871449	0.00037046
391.5000	20.05223155	0.21868051	0.00037037
391.7500	20.05234599	0.21874131	0.00037045
392.0000	20.05246044	0.21874489	0.00037053
392.2500	20.05293966	0.21877707	0.00037050
392.5000	20.05274654	0.21881820	0.00037033
392.7500	20.05275369	0.21874310	0.00037026
393.0000	20.05268216	0.21877171	0.00037042
393.2500	20.05261779	0.21875740	0.00037037
393.5000	20.05203843	0.21875740	0.00037044
393.7500	20.05206704	0.21880926	0.00037036
394.0000	20.05203128	0.21870734	0.00037048
394.2500	20.05151630	0.21869840	0.00037026
394.5000	20.05120159	0.21870734	0.00037031
394.7500	20.05188108	0.21875025	0.00037011
395.0000	20.05189538	0.21870734	0.00037023
395.2500	20.05220294	0.21875204	0.00037027
395.5000	20.05334020	0.21875204	0.00037021
395.7500	20.05266071	0.21883608	0.00037007
396.0000	20.05297542	0.21873595	0.00037014
396.2500	20.05327583	0.21887363	0.00037014
396.5000	20.05316854	0.21873416	0.00037021
396.7500	20.05316854	0.21885396	0.00037007
397.0000	20.05331874	0.21873058	0.00037009
397.2500	20.05269647	0.21871985	0.00037009
397.5000	20.05406261	0.21885933	0.00037007
397.7500	20.05462051	0.21877707	0.00037000
398.0000	20.05453468	0.21877529	0.00036991
398.2500	20.05461336	0.21870734	0.00036995
398.5000	20.05439163	0.21880568	0.00036994
398.7500	20.05494953	0.21875204	0.00037019
399.0000	20.05469919	0.21874131	0.00036979
399.2500	20.05552888	0.21872164	0.00036991
399.5000	20.05519986	0.21882714	0.00037025
399.7500	20.05525709	0.21883429	0.00037006
400.0000	20.05531431	0.21878780	0.00036997
400.2500	20.05525709	0.21876456	0.00036995
400.5000	20.05580068	0.21873416	0.00036993
400.7500	20.05583644	0.21878244	0.00036984
401.0000	20.05567909	0.21882178	0.00037000
401.2500	20.05577922	0.21874131	0.00036977
401.5000	20.05551458	0.21878065	0.00036989
401.7500	20.05559326	0.21880032	0.00036973
402.0000	20.05487085	0.21874131	0.00036976
402.2500	20.05479217	0.21875919	0.00036980
402.5000	20.05514980	0.21872701	0.00036983
402.7500	20.05549312	0.21875204	0.00036972
403.0000	20.05525709	0.21876813	0.00036976
403.2500	20.05540729	0.21878601	0.00036957
403.5000	20.05603671	0.21872343	0.00036984
403.7500	20.05615116	0.21878601	0.00036950
404.0000	20.05567193	0.21873058	0.00036941
404.2500	20.05560756	0.21877707	0.00036966
404.5000	20.05593658	0.21881820	0.00036968
404.7500	20.05550742	0.21874489	0.00036947
405.0000	20.05563617	0.21879674	0.00036936
405.2500	20.05618692	0.21875383	0.00036960
405.5000	20.05643726	0.21876277	0.00036960
405.7500	20.05584360	0.21869303	0.00036954
406.0000	20.05604387	0.21881999	0.00036944
406.2500	20.05575776	0.21875562	0.00036895
406.5000	20.05630851	0.21878780	0.00036891
406.7500	20.05683065	0.21877529	0.00036891
407.0000	20.05688787	0.21886112	0.00036946
407.2500	20.05608678	0.21871449	0.00036979
407.5000	20.05569339	0.21888794	0.00036937
407.7500	20.05584360	0.21870912	0.00036944
408.0000	20.05549312	0.21875562	0.00037113
408.2500	20.05641580	0.21874668	0.00036729
408.5000	20.05617261	0.21873595	0.00036989
408.7500	20.05605102	0.21880926	0.00036959
409.0000	20.05616546	0.21880032	0.00036938
409.2500	20.05625129	0.21882714	0.00036921
409.5000	20.05655885	0.21879495	0.00036912
409.7500	20.05699516	0.21885396	0.00036941
410.0000	20.05725980	0.21880032	0.00036898
410.2500	20.05707383	0.21879317	0.00036929
410.5000	20.05682350	0.21877707	0.00036896
410.7500	20.05772472	0.21877171	0.00036917
411.0000	20.05824685	0.21881999	0.00036928
411.2500	20.05833269	0.21882893	0.00036928
411.5000	20.05794645	0.21881105	0.00036898
411.7500	20.05859018	0.21878065	0.00036907
412.0000	20.05855441	0.21880390	0.00036920
412.2500	20.05880475	0.21887184	0.00036914
412.5000	20.05898357	0.21882357	0.00036889
412.7500	20.05900503	0.21879317	0.00036913
413.0000	20.05909801	0.21878959	0.00036894
413.2500	20.05924821	0.21875025	0.00036907
413.5000	20.05908370	0.21876992	0.00036901
413.7500	20.05949855	0.21882357	0.00036895
414.0000	20.05959154	0.21879138	0.00036903
414.2500	20.05973459	0.21875025	0.00036914
414.5000	20.05993486	0.21885039	0.00036905
414.7500	20.05999923	0.21886112	0.00036865
415.0000	20.05988479	0.21871628	0.00036887
415.2500	20.06012798	0.21881820	0.00036886
415.5000	20.06012082	0.21880032	0.00036894
415.7500	20.05973459	0.21877529	0.00036900
416.0000	20.05988479	0.21881105	0.00036891
416.2500	20.05921245	0.21877886	0.00036893
416.5000	20.05930543	0.21880568	0.00036883
416.7500	20.05949140	0.21876277	0.00036879
417.0000	20.05936981	0.21879853	0.00036884
417.2500	20.05954862	0.21881820	0.00036880
417.5000	20.05961299	0.21881820	0.00036875
417.7500	20.05965591	0.21883608	0.00036863
418.0000	20.05927682	0.21878780	0.00036879
418.2500	20.05939842	0.21875740	0.00036869
418.5000	20.05946279	0.21881820	0.00036870
418.7500	20.05933404	0.21875740	0.00036871
419.0000	20.05982757	0.21880747	0.00036859
419.2500	20.06024242	0.21877886	0.00036875
419.5000	20.06029964	0.21880390	0.00036866
419.7500	20.06065011	0.21887721	0.00036883
420.0000	20.06004215	0.21875562	0.00036872
420.2500	20.06017805	0.21887006	0.00036874
420.5000	20.05995632	0.21879495	0.00036858
420.7500	20.06018520	0.21879853	0.00036864
421.0000	20.05986333	0.21883787	0.00036848
421.2500	20.05946994	0.21877886	0.00036863
421.5000	20.05870462	0.21880747	0.00036861
421.7500	20.06005645	0.21884681	0.00036840
422.0000	20.05974174	0.21876992	0.00036867
422.2500	20.06020666	0.21890403	0.00036859
422.5000	20.05989194	0.21877171	0.00036833
422.7500	20.06021381	0.21885933	0.00036846
423.0000	20.06052137	0.21883251	0.00036846
423.2500	20.06075740	0.21876992	0.00036852
423.5000	20.06075025	0.21885396	0.00036866
423.7500	20.06043554	0.21880926	0.00036866
424.0000	20.06003499	0.21881999	0.00036838
424.2500	20.06024957	0.21884860	0.00036820
424.5000	20.05942703	0.21884681	0.00036854
424.7500	20.06028533	0.21882893	0.00036851
425.0000	20.06072164	0.21882178	0.00036829
425.2500	20.06150127	0.21889151	0.00036839
425.5000	20.06102205	0.21884145	0.00036849
425.7500	20.06097913	0.21884145	0.00036824
426.0000	20.06082178	0.21883072	0.00036823
426.2500	20.06142974	0.21883608	0.00036826
426.5000	20.06193042	0.21887006	0.00036829
426.7500	20.06123662	0.21885575	0.00036823
427.0000	20.06052137	0.21885754	0.00036808
427.2500	20.06054283	0.21881999	0.00036819
427.5000	20.06162286	0.21887006	0.00036815
427.7500	20.06132245	0.21883251	0.00036816
428.0000	20.06002069	0.21877529	0.00036789
428.2500	20.05877614	0.21886469	0.00036828
428.5000	20.06021381	0.21883608	0.00036803
428.7500	20.06150842	0.21875204	0.00036807
429.0000	20.06224513	0.21881105	0.00036810
