-0.049368713
-0.05452857
-0.041087523
-0.033009768
-0.041066922
-0.076527365
-0.04454989
-0.04192983
-0.056282595
-0.041547026
-0.044695444
-0.05686941
-0.03843766
-0.0489298
-0.0594769
-0.04144787
-0.036173366
-0.052119114
-0.047374338
-0.05419822
-0.054353062
-0.04343375
-0.052907016
-0.03283428
-0.052298747
-0.044351872
-0.05720754
-0.04534516
-0.036327038
-0.10270819
-0.050707497
-0.043295342
-0.033693787
-0.04354238
-0.047092073
-0.033602066
-0.053014755
-0.046226624
-0.060533676
-0.05118985
-0.04166985
-0.044113148
-0.05779961
-0.040678553
-0.04363838
-0.06847391
-0.05228842
-0.03925123
-0.036976304
-0.04573038
-0.05065299
-0.038625203
-0.05906275
-0.04601431
-0.044631977
-0.040247273
-0.041533392
-0.054609742
-0.037967626
-0.038411926
-0.052298523
-0.05953503
-0.03911922
-0.058025047
-0.04025087
-0.06015083
-0.041630805
-0.04126962
-0.042772982
-0.043843277
-0.050011665
-0.045770112
-0.038941287
-0.039353117
-0.059602942
-0.04398447
-0.058128454
-0.039573584
-0.0422444
-0.04738075
-0.043600474
-0.043381542
-0.039901786
-0.058568127
-0.042282112
-0.037079044
-0.040008336
-0.047568772
-0.041286327
-0.054762956
-0.042945024
-0.043859936
-0.037623193
-0.039584734
-0.05041297
-0.063323334
-0.044909436
-0.046290554
-0.034535564
-0.043649863
-0.042225026
-0.040238038
-0.04740745
-0.044400178
-0.041323658
-0.04299621
-0.04701189
-0.04545786
-0.061009713
-0.030841995
-0.057115804
-0.050120905
-0.036252346
-0.038763274
-0.04388869
-0.057850096
-0.041990183
-0.04319108
-0.04298969
-0.048689544
-0.048524745
-0.034323946
-0.054148518
-0.04130725
-0.061830554
-0.037639204
-0.038559742
-0.050361775
-0.044806264
-0.0452128
-0.04625269
-0.042751063
-0.05216421
-0.042473257
-0.046774928
-0.04162764
-0.04116169
-0.049781486
-0.03451985
-0.04422539
-0.043869857
-0.032563612
-0.060078334
-0.036715474
-0.05117695
-0.049682774
-0.04165939
-0.05264001
-0.051307086
-0.041702576
-0.046124477
-0.037652202
-0.045485515
-0.05920931
-0.049894363
-0.040701687
-0.056694232
-0.034998793
-0.047179602
-0.042204086
-0.04132578
-0.040854696
-0.047333054
-0.044293843
-0.041467644
-0.042391416
-0.050015956
-0.03983528
-0.05263171
-0.034406133
-0.041937105
-0.040126998
-0.04530978
-0.04685202
-0.043094676
-0.037533604
-0.054415707
-0.03793246
-0.057032343
-0.04067968
-0.038963422
-0.070295565
-0.03411465
-0.044714242
-0.037790935
-0.04645914
-0.040478807
-0.058609623
-0.0461501
-0.042657867
-0.044779286
-0.046033397
-0.034331445
-0.057702698
-0.050054114
-0.039018873
-0.043816645
-0.03672703
-0.053953145
-0.038351987
-0.036556005
-0.04686888
-0.03999877
-0.055989906
-0.04573465
-0.04980173
-0.04685163
-0.044727456
-0.05091247
-0.034284182
-0.047433805
-0.0420968
-0.040968634
-0.05393226
-0.03840224
-0.0432152
-0.04541699
-0.04812617
-0.040377934
-0.054286983
-0.038696185
-0.031896718
-0.040081374
-0.05521713
-0.046390474
-0.043695673
-0.05039386
-0.033933517
-0.04878982
-0.039739028
-0.04620992
-0.036657423
-0.072588556
-0.03636374
-0.044047028
-0.04620009
-0.04299642
-0.061541356
-0.038899682
-0.04390536
-0.035505153
-0.046556268
-0.0339293
-0.06907199
-0.044967227
-0.040394437
-0.04743267
-0.044073902
-0.037834886
-0.04241825
-0.06978608
-0.036507096
-0.048292547
-0.043127056
-0.043910462
-0.049595933
-0.037258707
-0.04719177
-0.04380046
-0.039424587
-0.037261836
-0.04255385
-0.03814857
-0.050122336
-0.043754093
-0.0450148
-0.044997565
-0.03921004
-0.04935359
-0.04179492
-0.053600088
-0.048024822
-0.03548734
-0.0682662
-0.041822866
-0.03502965
-0.042686418
-0.043140184
-0.038346432
-0.042832006
-0.040572498
-0.044592805
-0.05951665
-0.041873846
-0.05009268
-0.050857212
-0.042703886
-0.04097865
-0.041201916
-0.043239813
-0.040600784
-0.046881247
-0.030697607
-0.05189617
-0.056382637
-0.04367385
-0.04129502
-0.052652106
-0.040686324
-0.043081217
-0.042978067
-0.038007163
-0.059271816
-0.043914586
-0.045664214
-0.0416508
-0.052916132
-0.0309337
-0.05296429
-0.037359487
-0.08016656
-0.03541295
-0.044512045
-0.040685214
-0.04002121
-0.037935924
-0.039946366
-0.04307571
-0.032248408
-0.051928017
-0.041249078
-0.046383586
-0.042626355
-0.04320924
-0.04696471
-0.048389442
-0.04441225
-0.040249582
-0.041913155
-0.045354895
-0.04123658
-0.047081627
-0.04112927
-0.06967566
-0.040272284
-0.034206323
-0.042198226
-0.03340372
-0.062160756
-0.042756602
-0.052879892
-0.051319063
-0.043610305
-0.030304922
-0.06990505
-0.044759095
-0.04579866
-0.04286018
-0.04296088
-0.03809998
-0.040145084
-0.04598859
-0.046042547
-0.060003366
-0.033936054
-0.03699645
-0.05713834
-0.039258305
-0.053616133
-0.035407025
-0.04956982
-0.037347417
-0.038283434
-0.047908768
-0.046910327
-0.039216448
-0.049793888
-0.043277655
-0.038364787
-0.045340966
-0.04822447
-0.03783936
-0.04346301
-0.057998314
-0.033928253
-0.051173095
-0.035751034
-0.039371613
-0.04872019
-0.051061407
-0.04558157
-0.04223355
-0.040077973
-0.054660406
-0.040249705
-0.04477527
-0.041315205
-0.043916367
-0.032226313
-0.044917807
-0.03907978
-0.045452777
-0.043128863
-0.037758198
-0.044859324
-0.053476136
-0.04078691
-0.0803231
-0.034570884
-0.04429172
-0.048309967
-0.043032713
-0.046925746
-0.041798614
-0.038077638
-0.04574319
-0.0319023
-0.055681497
-0.045195684
-0.04443084
-0.046786953
-0.035453886
-0.05147012
-0.043192737
-0.034175012
-0.071839206
-0.034242462
-0.05751283
-0.037298344
-0.10796482
-0.030614708
-0.04363735
-0.037114106
-0.047764044
-0.038623996
-0.04378046
-0.039899893
-0.031216888
-0.05012384
-0.04675323
-0.036584154
-0.041826155
-0.051939253
-0.04491418
-0.06038085
-0.04734056
-0.040433455
-0.04708336
-0.042563632
-0.034649417
-0.06004064
-0.037673224
-0.036996998
-0.052712694
-0.04398598
-0.03912698
-0.033573583
-0.052222997
-0.05884404
-0.03170493
-0.045105267
-0.042701002
-0.03918646
-0.054475892
-0.043014016
-0.04299378
-0.059895385
-0.041499063
-0.034668244
-0.05145244
-0.054267045
-0.04716415
-0.04487811
-0.041991588
-0.04397902
-0.045238286
-0.049602106
-0.041463733
-0.03552406
-0.042770594
-0.04647482
-0.041234866
-0.04071341
-0.03108026
-0.06330367
-0.03957402
-0.05419221
-0.038656082
-0.048284046
-0.03467331
-0.05317566
-0.045514714
-0.041280266
-0.034783483
-0.056886796
-0.038333446
-0.04152965
-0.056999378
-0.03759528
-0.04471127
-0.033205714
-0.039007183
-0.037632223
-0.086957425
-0.039612275
-0.045025922
-0.046945278
-0.033520147
-0.034907337
-0.05326896
-0.033043016
-0.038056407
-0.04236272
-0.048065428
-0.048660826
-0.047484383
-0.037463073
-0.04291432
-0.03949383
-0.04951638
-0.042035487
-0.035060536
-0.046251435
-0.050127063
-0.038956385
-0.033940934
-0.051977035
-0.041140858
-0.049230255
-0.051264536
-0.061615944
-0.03346121
-0.04092474
-0.050293937
-0.03424722
-0.049935546
-0.030345092
-0.044715255
-0.046616293
-0.06591488
-0.035753258
-0.050304517
-0.03888969
-0.047782335
-0.045469493
-0.04541596
-0.03344209
-0.038851824
-0.043410316
-0.042027265
-0.04186103
-0.038668364
-0.05408883
-0.037223104
-0.04942688
-0.038102254
-0.050850622
-0.045033287
-0.04212486
-0.039420936
-0.06049713
-0.041573863
-0.03158967
-0.061182655
-0.040568832
-0.040974595
-0.03765666
-0.046566855
-0.044673864
-0.03583346
-0.049711302
-0.044595204
-0.043725602
-0.035374008
-0.04436839
-0.053572547
-0.0357079
-0.062413502
-0.03725006
-0.028265888
-0.059845526
-0.040329367
-0.04611224
-0.036175802
-0.07483724
-0.032089327
-0.052336127
-0.050990704
-0.03596494
-0.038925666
-0.06890273
-0.036005482
-0.052418035
-0.04450421
-0.036361795
-0.040160336
-0.040855266
-0.037689943
-0.055896636
-0.047480494
-0.032576386
-0.045274265
-0.03741066
-0.06882694
-0.045152146
-0.04008912
-0.033416513
-0.05385621
-0.041850515
-0.04452926
-0.036850527
-0.046347205
-0.0352024
-0.042229787
-0.044769663
-0.05424923
-0.038867705
-0.049211573
-0.044728003
-0.038763817
-0.059583034
-0.031452585
-0.04255729
-0.03289809
-0.050041765
-0.03515606
-0.04745815
-0.034526873
-0.0386162
-0.054017764
-0.059031464
-0.05388201
-0.045017697
-0.03920713
-0.036328115
-0.039537482
-0.041137557
-0.046804983
-0.04225086
-0.041082375
-0.04753889
-0.034509204
-0.064031005
-0.033126634
-0.045947827
-0.047363326
-0.0320449
-0.037518617
-0.04712975
-0.0535314
-0.034568146
-0.07082809
-0.06811512
-0.031555958
-0.0447014
-0.029971572
-0.08093047
-0.04377604
-0.038034815
-0.037490584
-0.046888296
-0.04001064
-0.034147497
-0.06438451
-0.03250025
-0.06615087
-0.029137114
-0.050394725
-0.033526506
-0.0563255
-0.049672928
-0.0374808
-0.054617297
-0.03883434
-0.053690057
-0.033978157
-0.03356279
-0.05831952
-0.034040067
-0.032434396
-0.04877685
-0.05133168
-0.036458533
-0.08730882
-0.055406127
-0.02722648
-0.04994905
-0.051043395
-0.03082171
-0.034964316
-0.060710818
-0.040143386
-0.1260375
-0.031188412
-0.027719885
-0.051382344
-0.0644434
-0.029467905
-0.06555675
-0.039119042
-0.033961184
-0.05073902
-0.04213335
-0.05115616
-0.03456144
-0.04806535
-0.056123033
-0.040036052
-0.035896175
-0.04677631
-0.03094725
-0.059925962
-0.032024696
-0.05245256
-0.035939477
-0.048576523
-0.047724243
-0.031854495
-0.03639438
-0.035676718
-0.047820978
-0.05539217
-0.036936298
-0.044198714
-0.032685313
-0.044430185
-0.030225147
-0.032888673
-0.074438766
-0.028951593
-0.03987062
-0.0405465
-0.039720323
-0.04297786
-0.029439747
-0.06422004
-0.045085687
-0.038770556
-0.038339388
-0.028940361
-0.03497642
-0.039653208
-0.04214302
-0.025059935
-0.060417835
-0.024720563
-0.066031285
-0.037379462
-0.05063726
-0.031365145
-0.050906193
-0.034009453
-0.031996977
-0.040536
-0.043567766
-0.03372476
-0.046051186
-0.030665355
-0.033485077
-0.05194778
-0.04091564
-0.03659384
-0.029233865
-0.045825567
-0.037851807
-0.03156054
-0.03728413
-0.04134973
-0.035048526
-0.0385963
-0.034685086
-0.038464032
-0.035519503
-0.028917028
-0.053025875
-0.037611138
-0.03025271
-0.03674456
-0.04725117
-0.03477896
-0.04741352
-0.030275395
-0.042339507
-0.04064781
-0.043351233
-0.039405566
-0.033261873
-0.031784073
-0.03524699
-0.03505076
-0.044861447
-0.03374813
-0.035560917
-0.0376832
-0.03220225
-0.048361845
-0.04375663
-0.03193613
-0.06250537
-0.029413223
-0.031690348
-0.0338921
-0.035399523
-0.044397134
-0.03232185
-0.032912873
-0.036140636
-0.040665135
-0.03107986
-0.038612
-0.046438605
-0.02636324
-0.048887793
-0.03379673
-0.042463772
-0.030914085
-0.037637267
-0.03498872
-0.035005946
-0.058780175
-0.037147436
-0.03379717
-0.049065154
-0.030265164
-0.04162644
-0.05980701
-0.025262121
-0.047402926
-0.035572153
-0.029909661
-0.031054871
-0.04397146
-0.026217502
-0.034294307
-0.045433454
-0.042759474
-0.03156027
-0.045382876
-0.038209014
-0.029941557
-0.04031836
-0.052211273
-0.03509894
-0.036642075
-0.032275755
-0.039767876
-0.04260102
-0.031018183
-0.046718705
-0.04117851
-0.04466324
-0.037779547
-0.02691248
-0.04266005
-0.03355864
-0.035446804
-0.031335793
-0.04007273
-0.038483676
-0.033313487
-0.03419315
-0.043452535
-0.037639696
-0.04618526
-0.030198023
-0.034577083
-0.0448294
-0.035223015
-0.047442462
-0.030973203
-0.039089113
-0.041059706
-0.03643782
-0.026469994
-0.036328807
-0.027230266
-0.044085942
-0.04934451
-0.03173452
-0.03325565
-0.039978866
-0.046789534
-0.04669797
-0.042254705
-0.02684337
-0.044379637
-0.038253378
-0.038796097
-0.039209142
-0.043087944
-0.03599871
-0.037803438
-0.03223348
-0.030995041
-0.04619992
-0.039451696
-0.04418312
-0.033153944
-0.054369677
-0.03925769
-0.031260144
-0.038915753
-0.029702967
-0.050571885
-0.03178474
-0.038662225
-0.042254373
-0.03223528
-0.031763323
-0.035753716
-0.052314203
-0.035050467
-0.0379647
-0.035236344
-0.047611732
-0.032339547
-0.031971946
-0.057476524
-0.030840391
-0.03520701
-0.03260055
-0.045107175
-0.032972988
-0.034274094
-0.03676205
-0.052410897
-0.03622546
-0.03627043
-0.02725505
-0.07279774
-0.032589376
-0.040205196
-0.031213906
-0.03805116
-0.032469906
-0.061206188
-0.040891614
-0.027706135
-0.03767919
-0.048037875
-0.049602866
-0.027667688
-0.04387399
-0.030982023
-0.03809129
-0.03924949
-0.058188796
-0.03049765
-0.04144093
-0.041036077
-0.037213497
-0.031762525
-0.038258336
-0.04127617
-0.039900932
-0.028374294
-0.029832525
-0.037398376
-0.035676066
-0.041140635
-0.04118613
-0.060130645
-0.026907293
-0.033716
-0.050778527
-0.025233591
-0.042308483
-0.037742395
-0.036477357
-0.046278644
-0.050945897
-0.039536227
-0.036464963
-0.039644677
-0.028134573
-0.03518258
-0.032835472
-0.040249757
-0.035137285
-0.048227087
-0.02731594
-0.055229943
-0.043048542
-0.041118782
-0.055109985
-0.031705473
-0.029944848
-0.036923278
-0.051574387
-0.026419837
-0.042532265
-0.041492593
-0.03214387
-0.04887815
-0.02975975
-0.04151959
-0.03151482
-0.040477272
-0.03875705
-0.03237053
-0.03971814
-0.039557226
-0.03611953
-0.03230472
-0.052183323
-0.03505442
-0.030682333
-0.04347136
-0.051128145
-0.025902407
-0.05030995
-0.0332563
-0.03557891
-0.041540377
-0.0372312
-0.035837065
-0.038882513
-0.036915716
-0.051596295
-0.027174678
-0.043691337
-0.030930717
-0.046778034
-0.040516607
-0.03925406
-0.031759642
-0.03815796
-0.026731746
-0.056819983
-0.051213063
-0.03232725
-0.037315883
-0.02832476
-0.040850747
-0.0363421
-0.04840128
-0.04449827
-0.04100318
-0.043714203
-0.029712332
-0.046139453
-0.02858449
-0.036363333
-0.03591816
-0.037901483
-0.04977801
-0.038523946
-0.030709194
-0.03695245
-0.035506837
-0.057264436
-0.04761359
-0.029082684
-0.03410292
-0.04249132
-0.049030185
-0.032523934
-0.031693045
-0.049131136
-0.037740897
-0.04355571
-0.03345717
-0.029746575
-0.033485703
-0.036804702
-0.047225818
-0.0382914
-0.034600932
-0.05519653
-0.033443835
-0.03757838
-0.040545903
-0.030257704
-0.057517055
-0.030249195
-0.040150475
-0.03925315
-0.04529337
-0.030661639
-0.03797482
-0.04259656
-0.045713782
-0.03341711
-0.03318958
-0.054825578
-0.036799967
-0.035953086
-0.039904304
-0.035670184
-0.039049853
-0.031852685
-0.04088902
-0.0575264
-0.027969042
-0.03637954
-0.0331334
-0.03414406
-0.03897215
-0.05620436
-0.036545176
-0.035503272
-0.043106817
-0.062728636
-0.028962426
-0.043778844
-0.0355198
-0.038758494
-0.07494622
-0.026618097
-0.028763093
-0.032781973
-0.044755545
-0.04221
-0.040614646
-0.03547957
-0.04111594
-0.0356043
-0.026953435
-0.0329145
-0.04474527
-0.04288338
-0.035110153
-0.036682006
-0.036248963
-0.042709474
-0.032347497
-0.03144135
-0.059368026
-0.025655843
-0.03132835
-0.04519716
-0.040193494
-0.030118534
-0.06315476
-0.032497037
-0.03344338
-0.044347048
-0.03309778
-0.041925095
-0.038902324
-0.03890003
-0.028294146
-0.05252056
-0.028510576
-0.061342966
-0.03195199
-0.04544015
-0.03192274
-0.03496453
-0.040525116
-0.042501494
-0.044601325
-0.030394342
-0.043246474
-0.031168157
-0.036172453
-0.050458074
-0.031777073
-0.03165842
-0.057412673
-0.033183485
-0.039740384
-0.03068098
-0.034465227
-0.047885593
-0.042181645
-0.03458831
-0.03201143
-0.028398978
-0.06502966
-0.035590153
-0.03821007
-0.03441068
-0.07084478
-0.029914344
-0.036984287
-0.03331594
-0.03653642
-0.0398692
-0.041998852
-0.060127325
-0.034484163
-0.030257534
-0.038761295
-0.04343898
-0.019032791
-0.06279541
-0.054536514
-0.03608833
-0.036569696
-0.03601879
-0.039960526
-0.038041286
-0.064780116
-0.03029375
-0.03690984
-0.039390206
-0.027257646
-0.05183958
-0.043539684
-0.032379095
-0.03373064
-0.034823798
-0.033738993
-0.05037078
-0.024533346
-0.050099116
-0.06074327
-0.03103682
-0.046709888
-0.043315127
-0.03888708
-0.031075548
-0.03313352
-0.04238813
-0.039319735
-0.04134737
-0.04167684
-0.028943125
-0.03694277
-0.042305604
-0.03573468
-0.055357903
-0.042348105
-0.03928696
-0.02772178
-0.03078516
-0.037602823
-0.030447878
-0.052336328
-0.028783182
-0.036606964
-0.038110685
-0.05178635
-0.05983842
-0.041256353
-0.03504765
-0.037353884
-0.030936386
-0.042712756
-0.0346268
-0.03043577
-0.034866467
-0.059307322
-0.03009664
-0.031525828
-0.035572417
-0.03367786
-0.060323864
-0.028718077
-0.0491288
-0.03709688
-0.045126263
-0.045758963
-0.036019698
-0.04045484
-0.04071988
-0.033660196
-0.08758733
-0.025233202
-0.03797041
-0.038051113
-0.030294856
-0.037806265
-0.04179908
-0.030871715
-0.041357007
-0.02960509
-0.03218293
-0.06883643
-0.033916004
-0.04067054
-0.05534304
-0.027234666
-0.036056265
-0.05253623
-0.04870451
-0.028847389
-0.038968187
-0.04085625
-0.03811594
-0.045960996
-0.03274084
-0.036196254
-0.049707957
-0.0244653
-0.050098103
-0.049185894
-0.028545182
-0.02954199
-0.043420285
-0.03315894
-0.040034916
-0.03325059
-0.047284283
-0.037293077
-0.043073554
-0.035555072
-0.044760622
-0.032337837
-0.03595531
-0.036919594
-0.051631864
-0.026587017
-0.048333514
-0.025147198
-0.050074123
-0.04235574
-0.039407
-0.043105364
-0.037030097
-0.029313149
-0.056910887
-0.03656335
-0.02849633
-0.031600755
-0.028458277
-0.09376307
-0.034817785
-0.04807904
-0.031878605
-0.06213931
-0.040121153
-0.03407244
-0.028408905
-0.058562215
-0.031670988
-0.0244632
-0.06307545
-0.03349327
-0.035001893
-0.03915923
-0.028844494
-0.042042896
-0.042153124
-0.090659775
-0.037396315
-0.03042534
-0.028638687
-0.06206625
-0.044704374
-0.029504305
-0.028720045
-0.03640262
-0.028027147
-0.035390414
-0.028578028
-0.049007643
-0.041868553
-0.02049133
-0.05207845
-0.0318678
-0.04012208
-0.024210129
-0.03887585
-0.049893104
-0.037028328
-0.048048604
-0.03399739
-0.037614215
-0.042487267
-0.034032684
-0.029446293
-0.06541105
-0.03802997
-0.06746465
-0.030496964
-0.05861427
-0.03495524
-0.037339658
-0.037973214
-0.031357005
-0.031344723
-0.024776038
-0.053523336
-0.06325998
-0.03665155
-0.02914419
-0.028688204
-0.044247672
-0.051163036
-0.04383342
-0.03419957
-0.030139329
-0.042300504
-0.024744837
-0.038116578
-0.06565445
-0.028372804
-0.053001564
-0.027517864
-0.028996922
-0.02965461
-0.07792867
-0.022291971
-0.04436399
-0.042426657
-0.03423213
-0.05083275
-0.041991834
-0.03492996
-0.028606981
-0.03550824
-0.04767817
-0.043349635
-0.030509528
-0.04208585
-0.039205503
-0.03560458
-0.02541186
-0.029895665
-0.043534603
-0.036871858
-0.051404152
-0.029150572
-0.04089746
-0.028771468
-0.044649035
-0.03889115
-0.031967267
-0.044620633
-0.03171125
-0.034474514
-0.040438913
-0.041908998
-0.03084262
-0.024083914
-0.054066654
-0.047422383
-0.040267654
-0.04303239
-0.034783054
-0.027125556
-0.025601221
-0.024790766
-0.064493746
-0.04995324
-0.025284832
-0.073832385
-0.02581262
-0.053607617
-0.030648882
-0.023053305
-0.047946967
-0.026390659
-0.044065516
-0.034537066
-0.037299987
-0.045896124
-0.035071924
-0.037537728
-0.052934997
-0.03293242
-0.049309935
-0.030085351
-0.03907916
-0.04601228
-0.028417964
-0.025313275
-0.034129508
-0.041140415
-0.029523531
-0.06036727
-0.036767885
-0.03437324
-0.039933752
-0.043430287
-0.032872885
-0.0553724
-0.020865014
-0.046098284
-0.026030675
-0.050373707
-0.045616336
-0.02920242
-0.03755808
-0.069578186
-0.021979874
-0.028755503
-0.1257894
-0.039357193
-0.025935264
-0.03837807
-0.0332352
-0.06809055
-0.02867101
-0.061356198
-0.041026425
-0.03435731
-0.025513023
-0.035929162
-0.033254065
-0.05366614
-0.0280582
-0.039014984
-0.04394946
-0.0262016
-0.041201912
-0.043226663
-0.03938709
-0.045837723
-0.031950865
-0.030025357
-0.043923948
-0.034364358
-0.025994975
-0.030065035
-0.038350772
-0.050124403
-0.04800211
-0.061533857
-0.03131207
-0.033234954
-0.03602227
-0.054032337
-0.022330636
-0.04790002
-0.02655384
-0.031683262
-0.048004095
-0.035094116
-0.033310395
-0.04442368
-0.030697418
-0.06036139
-0.05885079
-0.055076435
-0.025867635
-0.034826867
-0.03126494
-0.028457575
-0.025463903
-0.06432144
-0.03129215
-0.031942762
-0.036638442
-0.025237571
-0.044854764
-0.05322067
-0.035688397
-0.04366328
-0.034825142
-0.032912932
-0.071713135
-0.026432302
-0.027488805
-0.06178999
-0.03566266
-0.028514042
-0.042050067
-0.02855346
-0.036845054
-0.045835715
-0.037151255
-0.03352466
-0.026430348
-0.04823887
-0.03265235
-0.038189646
-0.0349193
-0.044467703
-0.032114565
-0.057046413
-0.031486887
-0.0307904
-0.041599803
-0.028966557
-0.028730916
-0.060858913
-0.041581474
-0.034301817
-0.043616656
-0.04321377
-0.031861927
-0.054827437
-0.032777395
-0.023223983
-0.09483284
-0.027738309
-0.033032764
-0.031266365
-0.024880854
-0.029605173
-0.087659
-0.025226701
-0.041172605
-0.030483756
-0.057615817
-0.03579469
-0.049210314
-0.02641614
-0.053295523
-0.022767896
-0.03058021
-0.027635653
-0.02798494
-0.037273683
-0.044552166
-0.035558585
-0.0425144
-0.028750291
-0.054426897
-0.020759515
-0.031949084
-0.04506478
-0.041632842
-0.047936566
-0.022777991
-0.026106363
-0.023982788
-0.034647744
-0.041182246
-0.021400066
-0.05090857
-0.058950752
-0.04018208
-0.01857579
-0.058355633
-0.031445332
-0.02744964
-0.04291068
-0.026339829
-0.024471583
-0.03547276
-0.035013273
-0.030837387
-0.024038324
-0.029225629
-0.02753927
-0.035147436
-0.037531108
-0.024276694
-0.03291438
-0.03819654
-0.035537932
-0.02558364
-0.029101942
-0.05817359
-0.026495032
-0.037109476
-0.025375783
-0.047519695
-0.026470516
-0.031657808
-0.032581665
-0.027872864
-0.031093664
-0.03829891
-0.035611738
-0.019982541
-0.03857177
-0.03212239
-0.03905842
-0.03519183
-0.025259703
-0.050699446
-0.03785514
-0.024325276
-0.03175157
-0.030854534
-0.036304206
-0.029292392
-0.024907466
-0.03280043
-0.045550082
-0.024753504
-0.029054549
-0.051064353
-0.024246845
-0.073219314
-0.020827752
-0.039808847
-0.032095894
-0.02969601
-0.03233468
-0.042883728
-0.03140714
-0.03617043
-0.023002354
-0.05500736
-0.027571937
-0.03599455
-0.032342907
-0.024368137
-0.03638688
-0.030805003
-0.033574272
-0.03429603
-0.026352827
-0.028247919
-0.026938513
-0.02897543
-0.043846164
-0.048817817
-0.03359363
-0.04051151
-0.031768724
-0.029585138
-0.043540575
-0.039589345
-0.035174172
-0.024126898
-0.03836209
-0.027576443
-0.044989064
-0.027908286
-0.028682372
-0.0307274
-0.038426768
-0.03742334
-0.028133621
-0.028199453
-0.031317834
-0.03932296
-0.030453201
-0.026130676
-0.030974401
-0.03428144
-0.043233298
-0.035180815
-0.034634896
-0.039010487
-0.031351306
-0.026262313
-0.03695823
-0.025480358
-0.028081184
-0.0337871
-0.040380303
-0.035438787
-0.025541954
-0.038696703
-0.028873596
-0.03404028
-0.024294766
-0.030185327
-0.041386627
-0.0337214
-0.03920188
-0.03012157
-0.03200897
-0.028051494
-0.030994073
-0.033327475
-0.034884743
-0.022730619
-0.042576484
-0.029401438
-0.038998704
-0.027568478
-0.03017948
-0.057275593
-0.034172893
-0.026629081
-0.05499607
-0.027540693
-0.023073979
-0.03527294
-0.058140945
-0.024536585
-0.038501937
-0.04900996
-0.023270726
-0.025404152
-0.028824273
-0.03218773
-0.07629863
-0.03312937
-0.029813027
-0.041733023
-0.03772135
-0.022749214
-0.03552742
-0.026971044
-0.047677144
-0.036655866
-0.031897385
-0.037215378
-0.037501283
-0.024602817
-0.038329702
-0.030072825
-0.036540058
-0.0315615
-0.028489633
-0.035911947
-0.028766777
-0.044837013
-0.021727618
-0.06865915
-0.029949963
-0.0348135
-0.02730541
-0.037814014
-0.024713755
-0.03284633
-0.034463555
-0.031099461
-0.050572623
-0.027859325
-0.028063595
-0.029750263
-0.033626787
-0.051770058
-0.032653105
-0.025357824
-0.02209154
-0.046804726
-0.046664722
-0.031839542
-0.030868074
-0.027692601
-0.03921665
-0.05082314
-0.03522325
-0.038733196
-0.02771369
-0.038450766
-0.0388314
-0.025638217
-0.022471355
-0.0522664
-0.031048786
-0.037204456
-0.029977
-0.02746849
-0.03638987
-0.026768211
-0.04127102
-0.043179266
-0.03476248
-0.02860254
-0.041530117
-0.026863873
-0.03544502
-0.04252135
-0.0692722
-0.02473771
-0.03805091
-0.023007918
-0.05442231
-0.029084625
-0.036197815
-0.041062217
-0.031772204
-0.020518797
-0.04162973
-0.03507545
-0.028782051
-0.04738178
-0.024744133
-0.05063868
-0.03237575
-0.027388759
-0.04360363
-0.047006384
-0.027464347
-0.03636677
-0.030813433
-0.03152494
-0.034349512
-0.03545104
-0.027700333
-0.02967794
-0.042904306
-0.02627605
-0.029905383
-0.033827797
-0.027239557
-0.047025308
-0.038679894
-0.02774817
-0.034794725
-0.032549273
-0.031209992
-0.041593533
-0.029046802
-0.028402738
-0.027948491
-0.05051886
-0.036245488
-0.04185801
-0.03338166
-0.036199916
-0.02423982
-0.03656579
-0.05033807
-0.02623569
-0.028424319
-0.03885911
-0.047794458
-0.03711781
-0.034770824
-0.031241557
-0.03214737
-0.0343396
-0.0299367
-0.037681688
-0.029870382
-0.026369425
-0.039486352
-0.027530974
-0.030054232
-0.030945145
-0.047410358
-0.030314969
-0.03746267
-0.028905513
-0.029819464
-0.030013753
-0.04382148
-0.03713143
-0.031861592
-0.03141573
-0.03181043
-0.03133788
-0.03621634
-0.035283525
-0.02440328
-0.06355812
-0.026043944
-0.032792833
-0.04913225
-0.047970902
-0.022414722
-0.042778254
-0.03872123
-0.024531757
-0.0349041
-0.061228618
-0.032627903
-0.027304294
-0.023264125
-0.04146323
-0.035191625
-0.033880983
-0.039933313
-0.040320937
-0.033548538
-0.023837924
-0.03717126
-0.030907474
-0.051590137
-0.023168456
-0.03352192
-0.04594915
-0.028176839
-0.036530983
-0.03100484
-0.043563493
-0.025845299
-0.031408187
-0.042198587
-0.036162607
-0.044260256
-0.030745842
-0.030528164
-0.04452469
-0.03048301
-0.032350317
-0.030192534
-0.033770923
-0.040928226
-0.03740991
-0.029547995
-0.028259415
-0.031478174
-0.03410993
-0.03123665
-0.040799294
-0.022725947
-0.041091073
-0.040631972
-0.027535103
-0.04611853
-0.03544982
-0.04393069
-0.02457364
-0.03520811
-0.032754492
-0.08643684
-0.028412133
-0.029567044
-0.029654434
-0.044729583
-0.029181743
-0.023814246
-0.0487698
-0.04209008
-0.05422329
-0.03084242
-0.023923619
-0.047369897
-0.032766636
-0.022609606
-0.055877633
-0.026806725
-0.05738073
-0.034436155
-0.03404417
-0.028649725
-0.025469618
-0.04768584
-0.033217177
-0.052180544
-0.023108548
-0.03554884
-0.03449763
-0.029579397
-0.06011315
-0.034264077
-0.030833002
-0.038018063
-0.036145873
-0.026196096
-0.032893196
-0.037440147
-0.040468056
-0.03203291
-0.03981769
-0.030865796
-0.030758837
-0.035633612
-0.042616174
-0.027123248
-0.025253775
-0.028629279
-0.051684014
-0.03077613
-0.028311664
-0.06455944
-0.027305651
-0.048087776
-0.029113445
-0.028978141
-0.027401173
-0.06822213
-0.028661681
-0.032881733
-0.023728454
-0.043360163
-0.038474895
-0.0344526
-0.028898664
-0.050661843
-0.021183655
-0.030198215
-0.0931363
-0.02003376
-0.03766414
-0.05109334
-0.03418337
-0.028917976
-0.03191895
-0.057931602
-0.028972493
-0.029451018
-0.028463267
-0.062244684
-0.03870029
-0.022473797
-0.03822778
-0.08959936
-0.026943559
-0.033463683
-0.023203949
-0.024719419
-0.04332407
-0.058320943
-0.044476327
-0.03404211
-0.025197458
-0.047762882
-0.039195806
-0.027134405
-0.039148584
-0.052737787
-0.034978367
-0.026714694
-0.028000908
-0.035549734
-0.034044817
-0.040639903
-0.030621324
-0.028350532
-0.032185063
-0.029651396
-0.043096136
-0.0282823
-0.028605495
-0.031760078
-0.06346217
-0.025397921
-0.034991316
-0.027685976
-0.049266536
-0.030813769
-0.026512299
-0.0501856
-0.027764892
-0.050377395
-0.025116378
-0.03662939
-0.030463539
-0.027388526
-0.04021792
-0.022399493
-0.03798261
-0.041295774
-0.032095734
-0.030304704
-0.034237385
-0.023991564
-0.043387637
-0.036789637
-0.030277206
-0.031816494
-0.029619519
-0.026309742
-0.030248452
-0.032129135
-0.03160104
-0.024609819
-0.039943412
-0.024916878
-0.04352645
-0.022826973
-0.03214696
-0.047723595
-0.027523482
-0.039665516
-0.028695118
-0.024049649
-0.0453839
-0.02550058
-0.03666324
-0.023516608
-0.030051932
-0.05989571
-0.023204325
-0.023025839
-0.060785856
-0.030328734
-0.035509627
-0.04025853
-0.041219134
-0.024481451
-0.032569233
-0.028873187
-0.027220499
-0.024888324
-0.0338607
-0.018602323
-0.06496726
-0.058692455
-0.05389793
-0.03215483
-0.02948873
-0.03547059
-0.024239412
-0.026281107
-0.033251673
-0.03338671
-0.024849568
-0.053287663
-0.029281022
-0.02952368
-0.047515396
-0.033603486
-0.028081317
-0.023083461
-0.024627183
-0.039561026
-0.031582747
-0.036699608
-0.030964524
-0.041883662
-0.035136368
-0.030519953
-0.039794177
-0.023179796
-0.030775946
-0.032631095
-0.024433637
-0.033958502
-0.020856583
-0.043255925
-0.051660422
-0.03701154
-0.040135585
-0.024376707
-0.02600439
-0.033073153
-0.026276391
-0.054219436
-0.035779323
-0.02490806
-0.032018572
-0.027220197
-0.030120866
-0.034543753
-0.024852695
-0.032390993
-0.038636133
-0.057696175
-0.020679355
-0.033463094
-0.039060812
-0.024158653
-0.029598616
-0.036654342
-0.04368319
-0.028232241
-0.026542986
-0.032574385
-0.03544064
-0.048635084
-0.02452717
-0.038517144
-0.03369558
-0.030935608
-0.044152193
-0.0320269
-0.029749988
-0.027129399
-0.030954631
-0.03605368
-0.03380796
-0.044449292
-0.02749224
-0.024544481
-0.035040505
-0.02906325
-0.027996963
-0.04283148
-0.040285163
-0.032022968
-0.03358925
-0.026095983
-0.047863998
-0.028427493
-0.022873625
-0.033050157
-0.04637224
-0.041634794
-0.027289549
-0.029494394
-0.020672418
-0.046039768
-0.027614195
-0.026070349
-0.037754014
-0.03138686
-0.03706495
-0.027174534
-0.033710208
-0.03550016
-0.026344111
-0.027636465
-0.028404402
-0.058348887
-0.031113401
-0.03542145
-0.028823074
-0.03260312
-0.025755962
-0.02963775
-0.057016347
-0.03665392
-0.037952144
-0.029428154
-0.024035092
-0.043801744
-0.03812684
-0.031493336
-0.035295434
-0.031654008
-0.034544703
-0.041696973
-0.02412308
-0.033304963
-0.024567742
-0.04290103
-0.030473882
-0.04616112
-0.0309414
-0.031455204
-0.019283576
-0.025698824
-0.054120585
-0.044775534
-0.023808572
-0.03854984
-0.024294099
-0.028100621
-0.034332342
-0.035606105
-0.030458774
-0.034887344
-0.022737034
-0.03417125
-0.06866917
-0.032295454
-0.03589483
-0.027274624
-0.036334805
-0.01865204
-0.052968927
-0.026394755
-0.041565377
-0.08933759
-0.024925351
-0.027083436
-0.047038585
-0.027698193
-0.035245422
-0.028002016
-0.03837006
-0.03202062
-0.027452417
-0.03669391
-0.042033017
-0.019710507
-0.04965256
-0.09585634
-0.024965612
-0.031071674
-0.023299858
-0.025606219
-0.028351363
-0.036056947
-0.032927938
-0.031530038
-0.04137481
-0.03116923
-0.038210742
-0.03024835
-0.023405416
-0.02796388
-0.03014491
-0.027787384
-0.025401846
-0.056046486
-0.034061283
-0.031442247
-0.024857406
-0.037588015
-0.034493137
-0.02326319
-0.05206841
-0.038351662
-0.03394415
-0.03146497
-0.023566265
-0.031256825
-0.024941435
-0.033113573
-0.020877333
-0.043983933
-0.025654964
-0.03544217
-0.052810684
-0.021000443
-0.032738745
-0.035533115
-0.060835134
-0.023354946
-0.03899385
-0.019441731
-0.037285816
-0.023325257
-0.03173491
-0.03580985
-0.03327194
-0.029784434
-0.03162065
-0.03221815
-0.029918157
-0.038604867
-0.028218344
-0.03149412
-0.020107454
-0.056022476
-0.030030591
-0.022426626
-0.03555315
-0.036081173
-0.028745852
-0.02723383
-0.038707275
-0.018870624
-0.0324238
-0.03985844
-0.04126647
-0.023875142
-0.034968015
-0.022072382
-0.04234702
-0.03503653
-0.031049848
-0.026896155
-0.033172555
-0.03255036
-0.026094848
-0.042083416
-0.03345166
-0.028912984
-0.039186623
-0.029469172
-0.031483803
-0.030175949
-0.029296538
-0.031046446
-0.025587715
-0.042206123
-0.02902041
-0.026752865
-0.030243643
-0.024909467
-0.033212423
-0.030895945
-0.029511899
-0.028456327
-0.0342505
-0.032765083
-0.029235428
-0.031055538
-0.035535738
-0.029197961
-0.030882511
-0.047253855
-0.020836573
-0.052806824
-0.024987651
-0.029223513
-0.026680354
-0.04865903
-0.023005001
-0.033223838
-0.047529522
-0.030042991
-0.039659854
-0.029095061
-0.024763552
-0.049095698
-0.03809699
-0.024815196
-0.02581246
-0.05030019
-0.02675181
-0.02812533
-0.054240707
-0.028429763
-0.04124448
-0.019448834
-0.02503189
-0.03229097
-0.029797412
-0.041766636
-0.026310379
-0.027956517
-0.041474044
-0.03717247
-0.023929665
-0.029887551
-0.04721539
-0.024219444
-0.028610338
-0.032846067
-0.036046334
-0.02164874
-0.035660144
-0.024923887
-0.035914276
-0.03826001
-0.05157665
-0.020409137
-0.035743013
-0.055207606
-0.025831578
-0.038584255
-0.037374694
-0.025635723
-0.026145982
-0.0679671
-0.023032788
-0.03403959
-0.04569294
-0.022676332
-0.024473773
-0.033738006
-0.039167024
-0.025826696
-0.03060859
-0.04096958
-0.028788224
-0.032021634
-0.03426578
-0.03969819
-0.037557002
-0.025668407
-0.028547142
-0.029588232
-0.029466184
-0.022172172
-0.038257215
-0.050485887
-0.024047583
-0.021798234
-0.04278385
-0.033144496
-0.026091937
-0.037917346
-0.05119435
-0.035716925
-0.029924093
-0.02648081
-0.027899157
-0.021226825
-0.024881057
-0.028043529
-0.03297652
-0.055967223
-0.030738136
-0.036155183
-0.024604125
-0.047140993
-0.026511785
-0.08067941
-0.022164553
-0.025725586
-0.054463077
-0.029711781
-0.03052628
-0.021834511
-0.031097403
-0.07235005
-0.025193654
-0.034952115
-0.023115087
-0.06832951
-0.030941876
-0.026845314
-0.029944455
-0.02370574
-0.023119666
-0.03699776
-0.056798015
-0.0330743
-0.036828574
-0.020755948
-0.028077189
-0.042208392
-0.053417698
-0.055669684
-0.024176849
-0.047863074
-0.022117337
-0.048416574
-0.031345353
-0.018355202
-0.03029483
-0.04018579
-0.066246055
-0.016089397
-0.04895527
-0.052558225
-0.018816527
-0.055706482
-0.02352007
-0.039377596
-0.0475925
-0.02797123
-0.03326676
-0.028884748
-0.036099385
-0.03423536
-0.036118705
-0.034909878
-0.031366564
-0.028335745
-0.021855865
-0.03409926
-0.042225808
-0.026236387
-0.04051366
-0.021621041
-0.030054191
-0.034658596
-0.042935286
-0.020320527
-0.040295232
-0.034865934
-0.024908487
-0.03186054
-0.03585549
-0.023104988
-0.034261532
-0.028376348
-0.027715059
-0.03313894
-0.025028778
-0.059076756
-0.027212858
-0.02603483
-0.025884103
-0.026666682
-0.031637654
-0.025701068
-0.023562457
-0.037541296
-0.022998575
-0.03140492
-0.048452556
-0.024494104
-0.027799562
-0.033606224
-0.021301448
-0.034777194
-0.026087986
-0.02766469
-0.047430005
-0.02596512
-0.029403
-0.030956218
-0.027489522
-0.029146003
-0.041900303
-0.02709335
-0.037253704
-0.026973763
-0.022097662
-0.027253743
-0.043052793
-0.02821125
-0.02386598
-0.029562991
-0.020852024
-0.062363867
-0.03984714
-0.022789836
-0.026412759
-0.023619276
-0.03203128
-0.02610351
-0.026927484
-0.050895628
-0.026083311
-0.03247915
-0.023022056
-0.031638857
-0.028136829
-0.034663193
-0.026047435
-0.025122946
-0.03148346
-0.028978007
-0.029574994
-0.029483475
-0.026469348
-0.049780563
-0.028453482
-0.039704792
-0.023981322
-0.037280817
-0.03154183
-0.024258148
-0.0401049
-0.037945017
-0.021668585
-0.029005133
-0.025438255
-0.037597105
-0.026142314
-0.024411082
-0.031927895
-0.028290259
-0.022847999
-0.046523474
-0.037268255
-0.023877086
-0.04909068
-0.021194816
-0.024551818
-0.06615496
-0.029254999
-0.023737539
-0.03631376
-0.02511126
-0.026650507
-0.034562074
-0.039613172
-0.03569334
-0.01823841
-0.04207225
-0.026820512
-0.06117471
-0.02265546
-0.025554143
-0.039184723
-0.022553518
-0.04349143
-0.024877561
-0.026396602
-0.039833583
-0.026970498
-0.02148767
-0.029730171
-0.023345107
-0.060585387
-0.030295731
-0.026242243
-0.02797742
-0.03397493
-0.018915446
-0.04469614
-0.029068617
-0.052180752
-0.02288799
-0.03065223
-0.027219215
-0.02140303
-0.02960942
-0.04987695
-0.027788498
-0.020957338
-0.038071923
-0.024624737
-0.027657954
-0.02975011
-0.025422705
-0.037644245
-0.03205649
-0.0336719
-0.042132623
-0.019439565
-0.054064523
-0.021339819
-0.034653693
-0.02744481
-0.043227203
-0.030988364
-0.030506643
-0.03064235
-0.035430465
-0.027966326
-0.021696737
-0.028256962
-0.032926578
-0.026695719
-0.036823265
-0.038335014
-0.0185434
-0.053057447
-0.04367852
-0.030943586
-0.029662242
-0.020278301
-0.024705376
-0.041077524
-0.050005592
-0.047916017
-0.028221583
-0.023808422
-0.026947329
-0.03128478
-0.032751724
-0.020458817
-0.07133783
-0.028518472
-0.02403104
-0.025827045
-0.023773173
-0.050205123
-0.028289733
-0.054710634
-0.02867783
-0.02322401
-0.037611786
-0.032486167
-0.02751883
-0.02407115
-0.04519844
-0.051665884
-0.02476357
-0.021636749
-0.035274304
-0.058579266
-0.02417508
-0.03359862
-0.028113982
-0.020903049
-0.04071007
-0.02390735
-0.039752133
-0.034083463
-0.06915227
-0.018903708
-0.024436291
-0.036411144
-0.03488285
-0.033938296
-0.04729187
-0.02242294
-0.0236944
-0.03661731
-0.039339244
-0.029030114
-0.021306532
-0.02790961
-0.030076884
-0.029704984
-0.043034915
-0.027000653
-0.03467177
-0.025733626
-0.022319473
-0.040161062
-0.026101574
-0.029121181
-0.03917567
-0.02813341
-0.057172827
-0.028795095
-0.033633083
-0.034427445
-0.0412182
-0.024888992
-0.017756686
-0.032335907
-0.09405451
-0.025027746
-0.034803666
-0.05354316
-0.024090273
-0.02988388
-0.028484084
-0.019494617
-0.039580755
-0.030569173
-0.023047738
-0.03324174
-0.03349439
-0.021900428
-0.03865977
-0.020288115
-0.038248494
-0.030196548
-0.0306313
-0.04353003
-0.033124007
-0.022937173
-0.028601833
-0.042222418
-0.0276828
-0.023089038
-0.05159835
-0.036295693
-0.024473088
-0.050358806
-0.026089117
-0.023667442
-0.026903477
-0.054868113
-0.021092823
-0.030754935
-0.044791527
-0.02540731
-0.03128314
-0.024229957
-0.031129003
-0.04665603
-0.024255835
-0.05652752
-0.018648399
-0.030394701
-0.04459333
-0.029871281
-0.032069158
-0.031898506
-0.025574295
-0.02003265
-0.05319981
-0.032487698
-0.022812055
-0.028147902
-0.053312615
-0.015287377
-0.051119
-0.049855348
-0.03219868
-0.024378378
-0.028602334
-0.05555359
-0.018313136
-0.03208149
-0.038985167
-0.039515577
-0.028754657
-0.041537326
-0.028792704
-0.039193314
-0.03871227
-0.036656026
-0.015709402
-0.043544367
-0.033772856
-0.027687712
-0.031358052
-0.02717511
-0.027546085
-0.07890513
-0.019406019
-0.034102287
-0.04893716
-0.028061891
-0.10592357
-0.021534944
-0.01854954
-0.049813323
-0.03147173
-0.037623633
-0.026472276
-0.02983582
-0.030542826
-0.026133863
-0.022977838
-0.042470694
-0.027669504
-0.032313894
-0.0302106
-0.018277325
-0.034388367
-0.022947935
-0.04782017
-0.035083067
-0.025678076
-0.03694619
-0.026083276
-0.02659263
-0.05071349
-0.028114924
-0.024557188
-0.025398258
-0.04679735
-0.03985251
-0.028374026
-0.042601354
-0.03178552
-0.032544304
-0.030234473
-0.03599089
-0.028999746
-0.02942607
-0.033117115
-0.019869339
-0.026834322
-0.03050894
-0.037325982
-0.02733493
-0.03514267
-0.02480086
-0.030890228
-0.024565334
-0.056336697
-0.029699748
-0.02217886
-0.045207527
-0.023960901
-0.05067765
-0.019956173
-0.045299828
-0.031965364
-0.024732975
-0.050121635
-0.02987964
-0.036836304
-0.11522717
-0.030741926
-0.020218203
-0.02896406
-0.03170356
-0.038299326
-0.029055823
-0.04384262
-0.022736015
-0.024805974
-0.03122006
-0.07837603
-0.024145218
-0.06818985
-0.036900688
-0.032123737
-0.017775154
-0.026782297
-0.027429814
-0.025299488
-0.052601628
-0.021464579
-0.045269947
-0.06087094
-0.023269694
-0.03612408
-0.033926524
-0.022615254
-0.027866304
-0.0396807
-0.026288357
-0.042676046
-0.026964247
-0.029041853
-0.028426807
-0.035180267
-0.045084953
-0.020569429
-0.04233652
-0.037762288
-0.028643394
-0.045806948
-0.021208882
-0.060675934
-0.021028817
-0.028879702
-0.026868932
-0.022606038
-0.0690862
-0.019871848
-0.05328755
-0.030277452
-0.026107939
-0.059886657
-0.029250627
-0.029208405
-0.036214173
-0.026888322
-0.043129556
-0.042173516
-0.03683913
-0.033501904
-0.02208714
-0.016387986
-0.056048006
-0.027423969
-0.023588592
-0.026182372
-0.02832948
-0.042629108
-0.040331736
-0.024916235
-0.023995018
-0.033289094
-0.037451807
-0.024195734
-0.028943554
-0.13986129
-0.026448825
-0.036783207
-0.023452185
-0.06322521
-0.032968935
-0.06584225
-0.021666666
-0.025019018
-0.043587394
-0.031605784
-0.026008496
-0.028770385
-0.017512245
-0.025315013
-0.037787788
-0.054544292
-0.028822036
-0.09252056
-0.024048671
-0.025244664
-0.01960053
-0.023331126
-0.03713096
-0.031358577
-0.03182541
-0.023784872
-0.022434926
-0.040530536
-0.033921763
-0.023688782
-0.020129988
-0.024867635
-0.033804048
-0.03021367
-0.039994672
-0.028940853
-0.024839377
-0.031343002
-0.038618695
-0.01683907
-0.029775213
-0.0301988
-0.03428332
-0.053352535
-0.031117732
-0.026402373
-0.018550249
-0.030252747
-0.04050241
-0.02905962
-0.023299592
-0.01641069
-0.041398004
-0.019870281
-0.018856646
-0.022336112
-0.050097927
-0.05868573
-0.03059789
-0.021170367
-0.023864543
-0.025682189
-0.041910525
-0.02677219
-0.03456381
-0.019564243
-0.024008533
-0.023135625
-0.022503143
-0.029686451
-0.02795147
-0.025453955
-0.029036313
-0.030961335
-0.029248223
-0.041929998
-0.03199801
-0.03228799
-0.019777987
-0.02948207
-0.033569563
-0.041533604
-0.017245106
-0.023765368
-0.030440213
-0.03094647
-0.02512418
-0.045829877
-0.059662297
-0.021403361
-0.02086776
-0.029178616
-0.046645798
-0.025219543
-0.021653015
-0.026902193
-0.029783672
-0.029822122
-0.038587194
-0.02552335
-0.0262246
-0.02244198
-0.029222278
-0.035565246
-0.023385588
-0.039552607
-0.029307397
-0.032463487
-0.01903354
-0.030349208
-0.035939965
-0.027181514
-0.028378448
-0.04392867
-0.025884783
-0.021168025
-0.027957255
-0.022097562
-0.023932723
-0.03792201
-0.024980271
-0.026626933
-0.028005557
-0.02563251
-0.030238507
-0.021088671
-0.062256213
-0.03587315
-0.0248962
-0.030019358
-0.06306868
-0.015377402
-0.06451649
-0.041546967
-0.018567666
-0.04228453
-0.025308324
-0.028648445
-0.022475844
-0.03099605
-0.025268026
-0.02140613
-0.06942197
-0.018506158
-0.0284662
-0.046426576
-0.017567344
-0.042806886
-0.037821714
-0.032979164
-0.02527719
-0.024668138
-0.03878906
-0.021510083
-0.0305618
-0.02173672
-0.029437436
-0.029982919
-0.050422132
-0.027540779
-0.023637623
-0.03734995
-0.027352614
-0.040584937
-0.026711347
-0.021335512
-0.037766468
-0.0182675
-0.028103223
-0.0569307
-0.02307874
-0.03193811
-0.030680373
-0.02985381
-0.02534047
-0.027164998
-0.02312233
-0.0926842
-0.017778426
-0.037696425
-0.025967421
-0.04037233
-0.045549706
-0.017464349
-0.027656207
-0.023969388
-0.022846542
-0.028439213
-0.03062132
-0.02771018
-0.026859835
-0.031867966
-0.031189283
-0.027355615
-0.035745386
-0.044820532
-0.023185847
-0.034026302
-0.060792625
-0.022093486
-0.051743895
-0.017316679
-0.02849714
-0.031926267
-0.022567207
-0.029336674
-0.05654661
-0.03070969
-0.018186
-0.03644184
-0.020900013
-0.024883887
-0.04141261
-0.025429446
-0.026586846
-0.042399257
-0.025670288
-0.02109234
-0.02855534
-0.03112431
-0.052475408
-0.026272964
-0.036794458
-0.04372266
-0.024183704
-0.034647845
-0.022856202
-0.019987723
-0.04692358
-0.02092856
-0.03889303
-0.026503488
-0.02193437
-0.03422966
-0.031331882
-0.03867196
-0.030643882
-0.020219339
-0.035440065
-0.02302306
-0.02335953
-0.038579125
-0.024370335
-0.033899467
-0.018705023
-0.033405636
-0.062355485
-0.023988098
-0.031966362
-0.024047025
-0.032032758
-0.023983497
-0.02761111
-0.028423851
-0.030566076
-0.029218577
-0.023764942
-0.025688436
-0.03741737
-0.021906177
-0.0390535
-0.028422514
-0.030573832
-0.022080962
-0.022770487
-0.035086576
-0.06813409
-0.026598208
-0.039510336
-0.024103198
-0.018191531
-0.035034437
-0.029201943
-0.020312479
-0.06885527
-0.027624527
-0.029281467
-0.03201789
-0.024087712
-0.09591472
-0.027900647
-0.021045249
-0.038095865
-0.027732491
-0.03753714
-0.042348992
-0.023023197
-0.039257985
-0.028254274
-0.01989079
-0.042452123
-0.025385875
-0.025504902
-0.024988119
-0.04582645
-0.024176521
-0.071745485
-0.057098195
-0.018914133
-0.021612061
-0.025022931
-0.0388464
-0.029830415
-0.024281008
-0.018145796
-0.030480552
-0.02827748
-0.04902201
-0.023315594
-0.0554986
-0.035009496
-0.03151469
-0.030257097
-0.021051386
-0.035383068
-0.048698008
-0.018600916
-0.037396137
-0.02226503
-0.023016447
-0.02501717
-0.030039925
-0.0207243
-0.17555304
-0.018945495
-0.02245175
-0.022003261
-0.061177786
-0.018124592
-0.02979098
-0.029219462
-0.050946996
-0.019731807
-0.061347093
-0.057370186
-0.026540736
-0.033737484
-0.022930179
-0.025823537
-0.044261605
-0.03375259
-0.028120175
-0.018855136
-0.03011751
-0.08767872
-0.037787944
-0.032197267
-0.019179715
-0.02816729
-0.033907678
-0.025392115
-0.025998618
-0.01934954
-0.033230048
-0.035855703
-0.03640389
-0.030640751
-0.028193142
-0.016058398
-0.03309019
-0.071859635
-0.03892819
-0.03321638
-0.039104152
-0.024427904
-0.027233075
-0.020471847
-0.016487923
-0.04135598
-0.031305496
-0.029052483
-0.026099367
-0.03180063
-0.02843256
-0.025285447
-0.026258148
-0.031902853
-0.030279968
-0.03416677
-0.0372887
-0.02170419
-0.031712443
-0.025622258
-0.022364084
-0.04431147
-0.026817705
-0.046683773
-0.032037817
-0.017525332
-0.041938268
-0.060055263
-0.03364034
-0.024961798
-0.02809775
-0.033899326
-0.033421844
-0.029073587
-0.022168808
-0.07461146
-0.024234409
-0.04082379
-0.013202506
-1.0537151
-0.027363043
-0.017018402
-0.07362668
-0.02030124
-0.1214941
-0.031691954
-0.023263456
-0.028342417
-0.02283604
-0.025777826
-0.7564588
-0.04940131
-0.027595289
-0.02300521
-0.017258821
-0.02855646
-0.23286112
-0.024598582
-0.028851096
-0.04838327
-0.016605554
-0.013309409
-0.053301405
-0.055319957
-0.020924138
-0.037168786
-0.03230456
-0.05116943
-0.041695178
-0.037128784
-0.025012333
-0.02408453
-0.022334224
-0.02898866
-0.02545838
-0.021326356
-0.07529326
-0.030800086
-0.034048982
-0.035782117
-0.039401647
-0.019370591
-0.029429339
-0.033021964
-0.02405269
-0.073358595
-0.025273668
-0.01692592
-0.038060583
-0.06548619
-0.026813095
-0.019215342
-0.03566712
-0.04848055
-0.053090815
-0.016668182
-0.029605735
-0.024615599
-0.033654794
-0.04089225
